Layers: 
Layer 1
0.3830396754570189 0.01745235135536305 0.22950727361600898 0.057056183350405076 0.14302697623575422 0.9411721003830452 0.4837429715502001 0.42521372990623085 0.8945210351315667 0.15990075733316012 
Layer 2
0.07966384203324295 0.3639013590449648 0.11651037594614455 0.6019891716681951 0.3888580742745471 0.2467184814485237 0.059593714248548424 0.8791940800205141 0.6950973797957345 0.37522681006261804 
Layer 3
0.553729990594912 0.3429667590870219 0.9337499917630788 0.3616039530239341 0.7663517978146221 0.7532580921779191 0.9764775306565658 0.7360215212096729 0.6127545690407052 0.03006747844914004 
Layer 4
0.018194916583903153 0.0861594537962741 0.5721236059745225 0.7067490192135147 0.42441125407691405 0.7606800114787743 0.4819205689348959 0.9252521316930261 0.041848244705598225 0.9203306994943127 
Bridges: 
Bridge between layers: 1and2
0.05754153702945419 0.0263117310874168 0.7513560495419005 0.05689636577129642 0.686534688148818 0.6749642505683284 0.9970788111168924 0.3909971082093723 0.31789915796920387 0.12505144448179906 
0.09823814083370608 0.8326871584667613 0.733115182388604 0.9494219472170059 0.17284347237754016 0.3211094596103019 0.07479392202139179 0.85682194605851 0.6054396586679363 0.7556503016365962 
0.18981099640611687 0.6753961954825796 0.9713869701728733 0.3575877746536309 0.18692310546857716 0.7919037983643883 0.14707682467840333 0.9483317832698592 0.772821770590885 0.482719420205322 
0.6270651687217323 0.16541093258584882 0.36468032174642395 0.45320168948230377 0.21412738363262152 0.6678301092083985 0.48440036828751576 0.19661814605199124 0.17639423855599612 0.9916199819650179 
0.3003997878316029 0.10970754929201165 0.6791364540974912 0.5911620003412549 0.7115924490269157 0.880153358443475 0.18295575410267584 0.35864594783104253 0.11534766666852825 0.8849169182668363 
0.578114425276371 0.9025299217644704 0.5686110501203097 0.8276477330000116 0.38247118820444204 0.08746543459299672 0.17620795254195687 0.028573265218877597 0.477541517780539 0.5631583108801431 
0.7691327863516668 0.2664826955474422 0.6013879043351888 0.5377871530018123 0.05009301286210943 0.45927917636337345 0.6862277367233005 0.6013034174984763 0.3808067132784859 0.35936012966559583 
0.4818046539689883 0.9807232480993653 0.28957622615992307 0.3725401625928709 0.987798231923618 0.1429505475638727 0.025429850580203306 0.38771484944466483 0.22813526461592337 0.9791032498395341 
0.3949197368765105 0.8335479126618944 0.5065034198745326 0.9470049791155855 0.9208536136534511 0.5746146509584525 0.8796267730669138 0.4000816004686756 0.7014388011009158 0.37622752319865505 
0.5198050525564878 0.18405089730128632 0.6867502969084358 0.6337540360276237 0.49264714519229447 0.7247437477218 0.3779103367672 0.29913301136198434 0.4882120470625634 0.7330823458847369 
Bridge between layers: 2and3
0.7059754233761708 0.3084644687377721 0.20054852688138436 0.5042324181915713 0.6637228992468924 0.11310889602893504 0.9036232804435819 0.5067235584383912 0.06534124726778379 0.3682827996514396 
0.18889322827949961 0.8329654691529059 0.679511483677871 0.9000207271108984 0.2652083067837062 0.4780019580012407 0.968074361817322 0.8758308264596983 0.3686382741306198 0.49894964207180625 
0.3667298988069684 0.5140131226218609 0.8669251654405242 0.8018472191302353 0.4105497919518556 0.4658897045578081 0.8435641073558029 0.7933192778446752 0.4029001896212838 0.13083512770519223 
0.1836846917784417 0.3429480771072797 0.8635885010088702 0.044832815670449166 0.35888148653408847 0.9295698132386258 0.026721619060291135 0.43957931345624035 0.8710561683038708 0.3243910646568676 
0.016524769397836314 0.7633650533272922 0.7047109460811227 0.5309058416087099 0.8491846644302063 0.425657567206953 0.0780109973760349 0.7803196711728159 0.24233641024717778 0.7528138009133378 
0.2170216599947834 0.20839409467084502 0.781215889755808 0.23629933480509158 0.03205168054517382 0.8863982638102916 0.9818996642684032 0.2958537831100644 0.281877795119406 0.6652847726144124 
0.8688169202377396 0.7925470755671628 0.2273486990690876 0.7937989672745838 0.7546881763175534 0.8985612593932287 0.831828012879341 0.985979842824716 0.7759156254971651 0.23161212307451495 
0.47569681674805475 0.21005964165861524 0.6479328312649927 0.9020103634463483 0.5355735767571771 0.9456933045050337 0.8197933716521552 0.8162156515963902 0.6489090783333396 0.9019560939550582 
0.3778739251483354 0.4954629570852891 0.51902263176549 0.3472410418822176 0.06257835635727371 0.17707748493759012 0.33433566590278396 0.9522635195580657 0.8144707419900817 0.8446496595061593 
0.13805621085425546 0.1806056695791941 0.19557953243789805 0.9801945188547159 0.781309924110847 0.7836161393925352 0.2808274000734434 0.6521170767302252 0.11952791189243028 0.7640308151052781 
Bridge between layers: 3and4
0.08625603434419826 0.38706392263184 0.25866712098820466 0.5786397372588448 0.29143438287156387 0.5947090012018605 0.6561655106196668 0.6336074545138105 0.31826160443971185 0.5023813170780623 
0.8411445359288794 0.3768110320208786 0.48938700042827366 0.7018504305498227 0.8764721450108481 0.683585808210246 0.41623149504482826 0.265131982670715 0.22575078107237678 0.5602029763725485 
0.19676459422396364 0.8911787644041131 0.3737768265452428 0.9118245937795546 0.6463629890123778 0.051962469466214634 0.23139224019773386 0.3950435959872033 0.6613642659475774 0.8496679302557323 
0.9361187253965046 0.36332930981803535 0.7989142362477488 0.9985623782647758 0.08359456295321366 0.3203232124042207 0.23079471980866406 0.421263643917146 0.21485776834495862 0.6307142746970638 
0.23358887429747943 0.8674503994559031 0.3641537931524932 0.8942711313367857 0.26496124704223645 0.49767850931003643 0.9765745480531776 0.6787352540077916 0.5853800324854028 0.7014530563780518 
0.8474171322000836 0.2038964299945215 0.051171948992187244 0.05315459816699941 0.6714094252100046 0.4558425767402121 0.43574767609846343 0.7382008116743822 0.5299547346361101 0.6347749125017123 
0.7346931048766904 0.3611302268681865 0.20587931556211558 0.35109528271084656 0.6356204277981328 0.8742970027509814 0.14251936586413727 0.003079044556520305 0.7248501207627935 0.30645074468017264 
0.6747509308292117 0.8065989426383677 0.12877682925385747 0.44511419059865676 0.043126638702855935 0.7843169123594314 0.6659250631945981 0.6859359163154883 0.9032664803066717 0.05944384058492891 
0.21247481616523378 0.9285042199164509 0.7240411070810236 0.4237205314916247 0.8260726784360773 0.8851092102391923 0.2563536700870357 0.35447858611099714 0.1482592114011868 0.9565086595555666 
0.9219949680249431 0.1964969561791875 0.020828559899334853 0.8501145466118016 0.25012625169735936 0.15648800050595046 0.7920530354536182 0.03545738883397398 0.6557227327096047 0.9374403757847344 
Last Bridge: 
0.03617163901613718 0.1224840016184352 0.8386371724021158 0.4101004992119929 0.8821573269498865 0.4150452014602245 0.19531827077122899 0.4446986709978138 0.7399439990024892 0.2599729423472462 
0.018029034706874003 0.6620728767193248 0.31714122400801736 0.8818792424375754 0.12172655623251993 0.9597238090588335 0.5168775250008637 0.9937196257377046 0.33010336793030626 0.5124406013557864 
0.07031752755728582 0.4838973860073653 0.3830458612754426 0.5654144807112663 0.4758542387048946 0.7260799479019138 0.8074208366935882 0.6749726445887684 0.7481990274263093 0.7539835949166521 
0.21811641320679043 0.8175563511417361 0.523605361422619 0.60598950706101 0.946341265577368 0.5624161384912958 0.6947944658013363 0.7171529714797845 0.05770588430351309 0.5002737380514388 
0.09625758795709494 0.8748314233369299 0.4742079488623401 0.9890773346099114 0.6163922014044488 0.6755463622325134 0.16113770034196429 0.6082640631403361 0.06898735279972457 0.5189784119935718 
0.4151507885627236 0.3042562764629084 0.17146226771231643 0.45288981891731195 0.7535774771838217 0.8376278675011684 0.45030693101557984 0.6056278434033322 0.96027741755548 0.646644522904619 
0.6776251538462303 0.2557367956536353 0.6642058181126342 0.8515943820868402 0.27758807113018746 0.9396141126601959 0.23243495166785533 0.3891159101067837 0.743096480442667 0.029016621795013076 
0.9157930184922273 0.13053263103578072 0.672879529459664 0.2654123727822051 0.7860179828774296 0.1800731357809079 0.9554280635362407 0.5706065752551742 0.01681909688205241 0.9577874026462683 
0.18931780451891544 0.05133939705164481 0.008479126217930788 0.9977075967357718 0.8169661589089187 0.18764268743624357 0.12251056890442569 0.9484348963237955 0.794468225192961 0.8721459926000881 
0.27586870651229345 0.5086961144978459 0.4175497290725432 0.5893884500828014 0.4969347607570811 0.5354412078108942 0.7453447697383575 0.024238706634525653 0.6363505802884465 0.2886213243808341 
0.7166283617839673 0.9578975436480383 0.19206709261045474 0.46438263059867546 0.8414325415330287 0.08856755439355757 0.4636258256971779 0.5568363941217416 0.5058909982144874 0.21374127491224792 
0.3728412536449197 0.8147313063614787 0.4280540141649857 0.9957628852258145 0.1849631725786599 0.050435282009446136 0.9383193179840837 0.08448996714962798 0.019834176408801474 0.5148731795218469 
0.050120755912887005 0.624471818480395 0.6943634331909584 0.3378480483276436 0.9570494698158843 0.9107458271132737 0.24304690120357708 0.31249089583831857 0.4046505203325508 0.7157742573952728 
0.48379130866802134 0.031108665252992496 0.7985678426200643 0.36191032781425136 0.2300794322636851 0.30095445049854763 0.7399348561698581 0.02560676678849294 0.6323763771734309 0.22014513716776685 
0.8647418526298243 0.5320044064812682 0.942033725291675 0.9246971668606453 0.8668744260191059 0.54096977229216 0.48164495707505317 0.9328495906519821 0.37817641175257644 0.2284067682211799 
0.7612988043958889 0.9998384779826857 0.15730910909926032 0.8340653609528476 0.5119163636393435 0.38618414338383467 0.32435443654972096 0.3220995895531157 0.4605012169893795 0.07246232438839961 
0.650233086895505 0.8833445985834458 0.8389480249970055 0.6178670949624834 0.08589582600156231 0.8645771288813144 0.5274329230261563 0.7275325502726094 0.42817121614481346 0.7408446048724463 
0.8233210363749006 0.45903597288072784 0.515117799021369 0.5023964530326909 0.7568605908938517 0.004508144170426331 0.8149004486620737 0.16902904198249602 0.8542360009550729 0.42247821515382 
0.13870449245878602 0.5218645442148914 0.6201282095129075 0.6909126606949111 0.7920167756535011 0.5627544096960845 0.8665070639434755 0.5830085672711958 0.4074558283191476 0.8363540326827815 
0.5881458149712616 0.5055593837342691 0.7249493510792265 0.911065194130121 0.4775316923303712 0.24598406768106407 0.8563835599251214 0.6996724979309829 0.10528994732811525 0.18481895170137508 
0.5753222468043379 0.6709549572389123 0.40433773972991705 0.3721275349858245 0.5933413630870749 0.4195997585067843 0.7873678678285134 0.18746197956403488 0.5616323703935385 0.735857419884155 
0.7946263457819831 0.3441191341346497 0.6483917940306133 0.09062385651621863 0.51250797795451 0.4963496175847867 0.7715163232880036 0.805107212409499 0.5775194062124208 0.44737122773404037 
0.4190217015990775 0.5545826246125393 0.6775837771068287 0.41478767046891163 0.21932489202684213 0.40494513678763666 0.24981660350488033 0.3898746825453888 0.7661847301565097 0.23881778986416335 
0.44432386110587174 0.12780221764993116 0.9401267952356608 0.8812212803117966 0.11557122415045018 0.33192553596831487 0.9507783632377799 0.1909511310558809 0.3861630723008731 0.9594433868469404 
0.6696592029384014 0.9623223569003718 0.19954605760776112 0.8217999002627672 0.41610372315653277 0.43604825269462266 0.8848190233397162 0.8634558132403584 0.3018404316583895 0.6269309765366928 
0.7050728690401951 0.5260197105591026 0.5997659040222212 0.7130031719427374 0.3516280238399132 0.487622933746238 0.11782193116332984 0.11350063265539001 0.5716348059236863 0.43111032685498685 
0.09350142247339455 0.8015112842426676 0.04804726924752534 0.9652086855029332 0.8338613452877826 0.40487469717610136 0.2913947976432588 0.6458857158431863 0.1292318245485906 0.7507147192624561 
0.6124008311259518 0.14907966415560792 0.10412158176486686 0.18605904841915522 0.8750021871537901 0.7153158021924869 0.7608921939595695 0.9155322755242679 0.9343734669978424 0.36556345003662316 
0.6082676396526615 0.7814693556804352 0.8502967534636813 0.19891557607878585 0.8640339529372915 0.18011415989080204 0.20060190854443494 0.46023526548047067 0.6891744581361035 0.5215952554355673 
0.9171278409560054 0.9802698591800615 0.8092079915891137 0.9042855232627888 0.384978615570129 0.8078642455458742 0.18175015374624048 0.19838108067404048 0.5105872722812415 0.31428319886536893 
0.6702554745558511 0.39021942481783667 0.4861734805942153 0.27923846968864696 0.10125845486961393 0.636706922520939 0.16429488765239186 0.49096897708325427 0.5605142799061487 0.15580101092711307 
0.6349047055138429 0.8207598397784154 0.6389224949812466 0.8830030524171982 0.4810270763069352 0.19022421368334008 0.9064138564128728 0.8421664582182571 0.25032410142947636 0.42638652249390596 
0.6987087883743792 0.22482671563877255 0.2564530573515025 0.6218039467935753 0.8750256745382179 0.5587060142183701 0.16509895886852488 0.9667976552191699 0.34767801180501634 0.8449773860269002 
0.9183487901983376 0.7396110861706633 0.5164095399557432 0.6912199927532776 0.4247660103504495 0.43597137081659054 0.36678292611785945 0.8643131770791102 0.44285938934378 0.8374366286958084 
0.15002902559822695 0.4498695670158507 0.35455088704089144 0.8859080024220588 0.3647440157193804 0.40876896970460863 0.9820761895665405 0.09348669321628278 0.8265052708622966 0.08343995548085004 
0.5385101956189757 0.30895808927226576 0.41545981253937003 0.21097104163247127 0.7345145799062419 0.3888975925108594 0.9259472705575715 0.271098877870369 0.08059140435181178 0.719453432400599 
0.8545934831457681 0.049979376551861354 0.5259494397438748 0.8378490134555697 0.26525395385643136 0.2452784051338931 0.9286986415271212 0.17293287318875938 0.4359523532611478 0.4717985715066132 
0.6850833290443724 0.39621106465928757 0.7141902491209074 0.776596526018834 0.5034738676816632 0.38997478632314164 0.690232106362896 0.7211617653051541 0.2429218607255862 0.3248117777654578 
0.5992840659077321 0.5483947949551976 0.30366796417209807 0.7931321264723685 0.8786937638958603 0.96097788359373 0.7568601881035603 0.9507641589827673 0.9517637542533041 0.900713715077024 
0.8991820007097308 0.717121650679943 0.6428542643231294 0.44023587722510804 0.567684469839426 0.6231178997970904 0.9914693330822284 0.10788685898327732 0.2673171830668667 0.5852297907346302 
0.8907242814696774 0.45720548791651405 0.6248507599804842 0.2398929697815233 0.3580369688390629 0.04812821972701242 0.45053588555676416 0.37768173812024153 0.8143676295748288 0.14776839334009828 
0.9115402137434016 0.8994153978780846 0.6335464705891076 0.7125914056986097 0.85816423859507 0.40983692298789554 0.808417139200661 0.39698829903322685 0.5420431679566283 0.17491056005861116 
0.452029039472422 0.5022571549883665 0.144105939775523 0.6032565294458381 0.5159934203067608 0.4651622340431498 0.8717066957721955 0.2881577908156051 0.7117361637686352 0.44280504547804933 
0.8833185699642736 0.9343673015515549 0.279858814954137 0.08728653930631192 0.34429339087163424 0.849839094127375 0.18925661818634854 0.7392076713067826 0.020706074773674477 0.06488215527173224 
0.5940703792667301 0.497596837958185 0.6828614968113114 0.9656842029731108 0.8614953666953098 0.11717768724003341 0.32353564303362803 0.22120882346335946 0.8702990144343297 0.9678036654103455 
0.3469129867741926 0.6416851598969803 0.060796224339320526 0.5964314437358629 0.502888491830441 0.4210006311950997 0.1360188824188977 0.9086617229656672 0.36640554754497145 0.02933630332895798 
0.4570348666456593 0.8345621084480597 0.006197294905142869 0.23349570637476713 0.37836736997142884 0.21949083876227604 0.9774474464742818 0.5882196734709748 0.5452949833305065 0.7012424210185867 
0.2843316962887179 0.4800570103583456 0.7002845340587099 0.7235522236900702 0.7546377365704177 0.9187009108857502 0.2850257814402267 0.10421291835271473 0.22466933601818617 0.6568174932148303 
0.5857162945832571 0.34330395695611926 0.7086132226292439 0.2051526630786057 0.5904825298165127 0.8047254349421957 0.45477357829923204 0.9064452307599389 0.3999403358161481 0.26187945870706086 
0.12969570495425764 0.36773005015203064 0.8422205665421988 0.8323497914940007 0.8351193713912961 0.6098038483902503 0.5554212707936537 0.18252275209057855 0.5590649218289587 0.04202939323705579 
0.49498788092756296 0.9728822793974246 0.48201289222264265 0.30765296016372146 0.08267777271487664 0.646599411813557 0.3335731576699936 0.17073178510990628 0.516353839766073 0.009167843362662964 
0.11011940508926688 0.5662806916240573 0.9332856587782002 0.07660614276176925 0.0053951747724004795 0.7313260885399804 0.4648166587912401 0.9868458602789832 0.28997713552614035 0.7498760080455916 
0.8412875110794933 0.8055833707757811 0.9474917416617642 0.09606902982138954 0.845635217671111 0.7400539992650454 0.8515693175796373 0.5164322286765451 0.28293865726312173 0.6680148256421212 
0.6242488485035181 0.5118825228602576 0.8097679197645617 0.030749892540491652 0.8041573422113019 0.3204894227474453 0.23001330381547302 0.08003520009903031 0.8399744060164989 0.23659762695433106 
0.7542763260053218 0.6511097801848597 0.5990226452760222 0.6137892535230249 0.3959874244872277 0.166295019601428 0.19346366450184194 0.47381294276750574 0.035564354930767816 0.7385275984442401 
0.41694281446860204 0.9032743081474909 0.3004787017605359 0.6943405413976763 0.09753618043407752 0.8280402767216191 0.9349027845119641 0.8822819771764748 0.23660989764282814 0.7868661167632532 
0.28662783644989465 0.495447388361666 0.996132883865568 0.3323480933638322 0.44404722266068886 0.37260400351683987 0.9601831199877341 0.282598173137942 0.015851428541522106 0.6602454333359833 
0.9445661144719326 0.25505511836696426 0.7135586285008156 0.9922613131284969 0.5264066537445545 0.494420856395687 0.3095294767342788 0.3499452943016512 0.12626684299659774 0.7345922642762711 
0.21576671513562617 0.6261500925293569 0.42459319792458994 0.5576262777051539 0.4796100682812482 0.4996765492825461 0.5597209019337183 0.9897054651863957 0.33632903407178494 0.6097403701222609 
0.7042513692547245 0.3713193073521155 0.874782948848627 0.2669988197518678 0.11888935254879496 0.18375362758324743 0.8369406185536754 0.8955634294143486 0.14435285438323098 0.23412257676683046 
0.5948824951444468 0.012788915904061837 0.4239053145410333 0.03980605261600323 0.7564711874220816 0.30131332025057234 0.7993156161364153 0.9650658663824746 0.12552460470050497 0.0597222642688684 
0.4935993579418906 0.5890284014722079 0.690381790431005 0.31732080837338705 0.3703167250459649 0.21711460646270764 0.07620383108262085 0.9948522464964271 0.6614542561115825 0.9386738295445554 
0.7064669209440477 0.3839774064473286 0.8855618146889201 0.6776816869065583 0.238109268288345 0.8641187777294859 0.4891846840118892 0.7738649384638905 0.15457729085491412 0.6774594740645384 
0.9668983143259833 0.2809097165033365 0.44456657273144695 0.6941771810499016 0.42481939175136063 0.20342437864768215 0.4891669104106867 0.744594161986886 0.8778995857820973 0.6084455381206154 
0.7039897640959151 0.11209773227835618 0.8259759130246549 0.8660800111706362 0.663750823167233 0.8060313900522954 0.66228951034169 0.9645607785117248 0.3030512062680587 0.7510074421354673 
0.14172719776732257 0.8790171768948342 0.390983909804028 0.9189174297365129 0.8964288435066865 0.08179294675986581 0.961743442346762 0.5291236546621387 0.0414793376164323 0.10947120897656804 
0.941971733194997 0.7896398384163987 0.2221882366839366 0.5085867906050834 0.3770666444801959 0.8038627500738219 0.48469310122746034 0.07101773644790166 0.745937653311825 0.41231006492094135 
0.324159802960282 0.29154663530533653 0.18584708851958154 0.1955488260399505 0.10028575107957438 0.9683008266907486 0.2813862286962098 0.583380851117378 0.9615342754364954 0.27082606124114206 
0.6369689191337224 0.24412688751254252 0.44354961023971096 0.005559520362025894 0.15800146581729324 0.10726565752261807 0.042263589919339206 0.5640534159631849 0.6477878558053306 0.946505481238459 
0.6442715773522427 0.10641211420458585 0.4009649865244892 0.5759918305549132 0.34753472179154954 0.9731800286104398 0.5956854395244822 0.09204465017540142 0.1630754388259037 0.06345160259748495 
0.8155361575876037 0.001099228065330915 0.8307815566675875 0.9651306564100477 0.2811020462117274 0.48264109930654553 0.5679901334005679 0.5893358650246333 0.7802194356020161 0.5623147125326604 
0.4736950791739264 0.4169875379566287 0.996125565302936 0.3649995943080313 0.8759220863388789 0.7709719853335506 0.409970613179945 0.7363207220646077 0.3481861533243856 0.9679819618983556 
0.35696985668983705 0.5485694115316787 0.2977353529220871 0.03829962715850144 0.2014882119228264 0.5888545874988169 0.394642418982436 0.6692905830904651 0.9047560512718613 0.984154269849134 
0.1883183456067501 0.44534861185230723 0.7891081908030463 0.14505281161647932 0.14867556669952997 0.3978057626792687 0.34085563639095673 0.6468550161661895 0.23505670945201562 0.7634039140915684 
0.15789268225131792 0.7415086816080096 0.21096664968172107 0.7795659042865418 0.05769851933125825 0.9782407709215275 0.6461302404824381 0.5955178087279034 0.44183716457534106 0.6125271296015125 
0.22542521205944532 0.10743573944978557 0.8344391530652624 0.15721438874820537 0.36870943459765804 0.34877130734576944 0.8698654895433868 0.4965465582332962 0.7784647709586762 0.6869312271255222 
0.4147902582777331 0.9258156689511877 0.9767143528964761 0.45842136730652994 0.9883081377382602 0.8983321738670558 0.4147530629838254 0.8167611097731464 0.10492907405851781 0.946148789930869 
0.03307311745425978 0.09093087374528985 0.4607121359759001 0.8090241580986821 0.14407801658687236 0.7218745093625495 0.49261895933972866 0.3494751472806592 0.45609100657560375 0.2679945695357735 
0.24196969773854304 0.8222542304559933 0.7287075432129217 0.9230295011793453 0.5800860570941293 0.073809972933356 0.8779737093626729 0.06298657944258346 0.4091395898896616 0.3027470167459564 
0.5908441869754646 0.30822189658695776 0.24052138057768147 0.7376342575916723 0.41032874560798605 0.9367913790773463 0.024226820403235982 0.08122041601660623 0.1185959643849126 0.6489457649965755 
0.24212606128234715 0.9187905682272565 0.9986508238009195 0.681265075835119 0.9532212647905043 0.7432750061933843 0.6959232011883285 0.3402826696455512 0.30309017186067666 0.31990256954465657 
0.7527365159652305 0.29970473827735045 0.7035441545911202 0.25090095481091934 0.8444877532772694 0.41064328877444234 0.5778974538429514 0.7931656076802579 0.7336479949490252 0.43338158035840213 
0.1466977084083091 0.08280322627999914 0.8635445677029168 0.18484523757728366 0.5671894017179883 0.2653116779924829 0.7132367596175097 0.7787344502927068 0.918650830498779 0.8313450970663954 
0.40869997694694526 0.4964244838924592 0.40709316088357006 0.7835366621956502 0.9631288666541874 0.7166756832015837 0.07886708479962945 0.45371980729798056 0.9316503108881782 0.873134629748383 
0.19221126820487955 0.16428375875917645 0.35589529812018417 0.4588679408570906 0.7030168463506957 0.08735906592934217 0.6569181656372004 0.6228254357331093 0.4506499736469133 0.44242438704603415 
0.20255785982516972 0.13141273389439112 0.37426050593964644 0.7369423863750324 0.9014804933584266 0.2968290582227754 0.5782356298915364 0.6145699564740044 0.2214844856256334 0.18797424794258022 
0.27209021938788225 0.6359366603187505 0.275914352286167 0.3028437167308734 0.9952063718495023 0.2183103471213902 0.1685319912149834 0.6096705133873526 0.774367491845285 0.9325855460972754 
0.7826644996327333 0.8830646648266111 0.11055464289718286 0.283985181087961 0.10536311425872025 0.7667421330048092 0.8778819622484226 0.9188516436535494 0.4389158289102473 0.2170666270830306 
0.4177947664548495 0.12768700368511354 0.5364236662474584 0.27320897482122986 0.9614155773743813 0.6901723566641927 0.2385582206925615 0.46841447207880793 0.18538704060150712 0.9378441013741444 
0.8548319545507307 0.039653572538090875 0.1445109214979835 0.27984318963985577 0.25337481056948075 0.16496040469407136 0.2140702567700381 0.9738846024627311 0.5801439939333428 0.19730864587307684 
0.26693310713914475 0.6972830690251955 0.1411138552804051 0.9233946446169993 0.6148363071519115 0.04289203439483713 0.6199441812112969 0.9707564332501722 0.0036773085775432257 0.8362073867539931 
0.4870597907289409 0.2907596565339259 0.8689338466268118 0.050998499252688845 0.012112970532092704 0.7724098485431687 0.24333652410010786 0.24819478978521026 0.4700131232251197 0.7384416223715464 
0.1688514877087136 0.7564586489968438 0.9869374159661841 0.6841764613453672 0.1509236914971761 0.33781695581738813 0.29898566483713696 0.47655888788149947 0.34978225652214856 0.6286661722470751 
0.2579259200033549 0.46468965602145895 0.16060068313592468 0.9597626065833245 0.6333002575480134 0.5089208980560201 0.19968393698917308 0.8090097612869314 0.3422094564970959 0.9950239160626633 
0.18406440295565552 0.4394238697016146 0.947331140264806 0.7378846436802662 0.015433966670034938 0.5867114205265888 0.5742958868600426 0.3912051749412212 0.3486360143127507 0.02050061180698004 
0.5525654630834819 0.8120283622029925 0.5582234350354164 0.7708447305741037 0.8436149980215153 0.9453103020181243 0.05376891281910634 0.9013749115339421 0.8309217260023429 0.8048502672011667 
0.40720061672694785 0.9116322929992233 0.8107399024382018 0.7423969966996309 0.7011787980178078 0.48504804841568316 0.9042511664300286 0.395920186292548 0.008581896086032437 0.07118111219699641 
0.40885782348335675 0.007796236311041649 0.0003141064251197534 0.08551059576743714 0.17805209774963526 0.17267336304334435 0.869912850805271 0.767532716049253 0.9696952540681778 0.6262085127758431 
0.7942459616767154 0.39819812402794963 0.5624262621284427 0.22230701710154543 0.8852578742455314 0.7099844830425153 0.1830488140411234 0.7006026985246638 0.25458927040895696 0.7499232675839042 
0.5151430948428346 0.18253851266313048 0.37385197551166227 0.3414758943651919 0.9010369164781517 0.4446813962829016 0.6478554789213841 0.8996386139884788 0.6996844842946737 0.49940787736275394 
Network layer size: 10