Layers: 
Layer 1
0.4410767363441286 0.11049248228676578 0.4788020221327858 0.32030133685903905 0.2707277657283236 0.2769361974487923 0.1419761554515686 0.6947014713611032 0.5747825044952322 0.8837802552782378 
Layer 2
0.22574464043145503 0.3154432912297255 0.7073276363472701 0.13807259954589401 0.7689801717928841 0.5488500988701382 0.5845693252997664 0.7293035497685846 0.902493247782886 0.1202028604003399 
Layer 3
0.22095681529105216 0.5796512435372752 0.8728854759510204 0.2631490165462659 0.17150364207801683 0.9533272131626829 0.917071161640952 0.2180305047226051 0.47077018275224247 0.04847541398265243 
Layer 4
0.2678767667840465 0.09626463876616642 0.7330280359487138 0.23205025674650748 0.29120851992322594 0.3887614380703184 0.09970973350167422 0.633798335727959 0.15906835142738796 0.670835972521634 
Bridges: 
Bridge between layers: 1 and 2
0.9052641696657617 0.6330032631281007 0.8165845708580848 0.17403544100339574 0.7552260951380004 0.7328196850018086 0.19464802892966693 0.09026419934712548 0.017704970412953935 0.13308105472806997 
0.49695594070149307 0.49783023430741224 0.6404238400617701 0.9069795805620741 0.08978588317546587 0.2203220430914289 0.1913035898891201 0.6512870956684321 0.6465025921785371 0.8264752357432831 
0.42587467506876153 0.9724656974433181 0.5972704000291266 0.3461695847997842 0.22301851231950087 0.7720116757096795 0.15416237333947325 0.43225092049215763 0.8195526283103689 0.9485618062644487 
0.9486538024333017 0.16646382070971122 0.7049382591425862 0.9030747027317401 0.44592732322441553 0.5854682624950747 0.2231455298478736 0.3565648412824227 0.9156051354284959 0.5776701233767959 
0.8884135463315219 0.12183102675532609 0.3770094010212117 0.43525944467346733 0.4222462724322418 0.3152280960604026 0.7998975577515405 0.2854228949825932 0.9738755427665043 0.023016745611154632 
0.9535161562341579 0.6028358091673124 0.9235824236474004 0.5822420783948505 0.8334727110195849 0.7686564306499154 0.24476954279307794 0.10714944679217542 0.46713697089586215 0.060951494208237644 
0.007527310234980988 0.8487967172847122 0.3593324072427897 0.17782853899938633 0.3896903665511787 0.3659908982545961 0.38822958224391957 0.13007017502330653 0.174561101207085 0.7427887575249366 
0.6366543021266587 0.42574945894001237 0.1917103064502398 0.05403211910494676 0.23621097879531328 0.3986171916469373 0.7255449053067932 0.24065060352508083 0.22326455274652757 0.6653701702276731 
0.18529988629175065 0.7410576319534796 0.40836106516355364 0.9533116827640254 0.010318322155383641 0.338667337775465 0.8375145531740684 0.8294214821423586 0.2693941130132914 0.3485812458098406 
0.3853125477032221 0.7795392973067257 0.10025521196732823 0.5815453940559667 0.646590460847856 0.9656653585948796 0.48177813564411254 0.8884642487051662 0.3988349380351197 0.028327148581467898 
Bridge between layers: 2 and 3
0.7882386439801703 0.9192231051522101 0.05718547856194278 0.8818441775127371 0.13157724693197126 0.8640004131212761 0.256736050409221 0.7000712531770878 0.6803057149514747 0.04078499557751347 
0.5070318311396924 0.05403445873432733 0.09541217477663821 0.2344406077294272 0.4954751817144405 0.5942889056173933 0.8851989610005456 0.8254168759543719 0.8915344499459769 0.6556509729559815 
0.47671750594029716 0.9892914706882848 0.351712927512999 0.3734728800174243 0.5929329832806302 0.8339818439566485 0.1881829671237384 0.3896776763147278 0.27809920176026837 0.9097225307824746 
0.08085460743329698 0.8909349971959918 0.15271727659044187 0.5008930761340219 0.03960999281832067 0.08004719400956439 0.0837752448467316 0.6523640462552742 0.9852633624316024 0.33916763403333794 
0.7689910936748785 0.500020701093012 0.6198434314375706 0.546594018448857 0.07681067932819508 0.2416884838066483 0.9814666405838979 0.34708938268693135 0.5858644062721422 0.896759918779566 
0.5747774811600053 0.2516581100526226 0.7750953237842659 0.5895671511323505 0.4429258470473434 0.9998422876292579 0.7432629497334879 0.9210180753411408 0.7306381940441944 0.03244374087785873 
0.5259389334097953 0.6626430098539345 0.2572254344320595 0.6899891964172491 0.29831820064815173 0.9344550848239562 0.6320806320278227 0.971915908211424 0.7990349861461786 0.8450400958778803 
0.7780359012081701 0.8696398076580084 0.1420937891480678 0.2787197281487541 0.7141811815717946 0.08098667382569291 0.4802778291721491 0.23046340883521133 0.7538077471719076 0.5356890472543042 
0.6842150606274444 0.8543709095489068 0.6586098801815112 0.21935291219175634 0.8426525377711624 0.5240083960409645 0.9623675575765769 0.40160722770687496 0.9694709347470235 0.8874816078927101 
0.8455689746019718 0.9183349335349937 0.9107665342462802 0.6646369085269912 0.2335947079704418 0.45187660771671334 0.641444686976072 0.461179384097409 0.4810499341726783 0.8926278339495246 
Bridge between layers: 3 and 4
0.926209820955611 0.44897299098900667 0.8471114056152638 0.10240604479871807 0.42295357705507386 0.9917948450504211 0.5153737611520934 0.6547187903563755 0.6451209743855177 0.8409960385428763 
0.12443388883181605 0.39703122550707304 0.14174534115938098 0.9264527166694035 0.43002722559822204 0.18852381941882757 0.4057546487612952 0.08590620755792744 0.8106725574188458 0.16117988440802833 
0.7961146023460892 0.17347752683551687 0.5111320915500167 0.8584349309810837 0.35624316286570445 0.677676817094504 0.02107081340995509 0.2263073359277381 0.22463350427500428 0.2792157409887003 
0.6499728898380709 0.45380130070290603 0.7450010406880655 0.11083748429930607 0.6732178507477515 0.823936977485458 0.07656181202265777 0.9408225146524727 0.8369022146846714 0.08930384828013971 
0.39113890301658705 0.6904063615983115 0.2533889697838516 0.3506144629133495 0.30125429098680234 0.42551638157262606 0.669525867135761 0.9954603528578788 0.5611501483332576 0.8918448830375816 
0.8643729023836422 0.3006475291631838 0.7938018178676678 0.628272375727442 0.8488478885465192 0.7640557963218724 0.4194018540962112 0.1147015503276948 0.4342033604060711 0.5253608692816364 
0.3216293531765173 0.41046278849934703 0.12902506157621996 0.5475199247162305 0.3692847914789349 0.39601431431800493 0.5526488227221367 0.769194780788123 0.6589728668697603 0.25986353296529907 
0.2534422363331732 0.7181622735431306 0.47644165734861166 0.9530239425460649 0.7275057309529541 0.8712013509779523 0.11283503670574357 0.23067459440936333 0.846650280904689 0.34140253304632184 
0.8741934754470376 0.3904015817943086 0.236478610918733 0.9097934227094444 0.6740328363202502 0.6476580351532035 0.9909929691456324 0.10071275707135441 0.7284366335040516 0.9346096603222446 
0.2838602498886005 0.9780475857351663 0.1694069368499267 0.3377011696849599 0.7370552328618759 0.320726063459547 0.035891303511413675 0.5756247750195986 0.7092391351393782 0.45534935755683115 
Last Bridge: 
cube: 
matrix: 
0.06415988603485456 0.5680354528645023 0.7062386755144027 0.2818502407356288 0.10492997777059487 0.606872767291901 0.09149365505219453 0.8194634788296874 0.20460095926757493 0.8813382122979982 
matrix: 
0.30925541355168595 0.3911314595021659 0.45424822301400736 0.9381463424613242 0.4170738816594841 0.4364595729244858 0.7114533636205076 0.6345473164835945 0.2037085949853027 0.4419625574585129 
matrix: 
0.9452085016593739 0.08394756298932893 0.6391247404101538 0.7960553622519811 0.6014444057214291 0.15015806034888934 0.559504857909709 0.3241248232747358 0.14557089917157273 0.998824993384928 
matrix: 
0.02546378565534002 0.6216702639344268 0.21192989040925536 0.15311553702834846 0.5041745633935609 0.978998074693343 0.9106366568984493 0.6875620896133113 0.865441774336444 0.7664263166299847 
matrix: 
0.07876562841998835 0.18934712059546044 0.5601076570303195 0.023887942697431885 0.12481354786294174 0.0058043114724702916 0.4548759528706525 0.8487706747805112 0.9172311533920486 0.4881216986023923 
matrix: 
0.8673032093412424 0.19006707781418564 0.913203556967697 0.17875151118722432 0.04520246154179275 0.1264276254283273 0.7599367338052301 0.8171258842940733 0.5192798863579652 0.39400409073231024 
matrix: 
0.1777602060604676 0.02068868573130811 0.15008006310054323 0.7522061099720044 0.8471660751893331 0.0802245484345091 0.7604145024861537 0.4099916564919118 0.49758088978508386 0.2024066760965083 
matrix: 
0.98819686286342 0.5975849096504264 0.24240348372483256 0.7121936260706887 0.32589561687561186 0.7646699956026702 0.028908845982797415 0.15746523907177967 0.44760581479418615 0.7171083716495177 
matrix: 
0.24734229321317058 0.5235354329296851 0.8972159021855138 0.9038360660632245 0.5272223533236081 0.87205972596196 0.3846487542213367 0.7935552781192922 0.4521422662032848 0.9762504091713414 
matrix: 
0.4447516943831441 0.21628535890384193 0.712386162082797 0.6823172633458598 0.7955142555462522 0.4407251970628584 0.8423110021742055 0.07941258225285497 0.16877618138455708 0.6420037913555918 
cube: 
matrix: 
0.15276286504106573 0.3561733107461572 0.3927237774003407 0.66228685378794 0.875481183797448 0.7885245508466957 0.8450413552615795 0.9268649206705853 0.7924337345084159 0.304813266763008 
matrix: 
0.7503791869330974 0.007037792522284092 0.5325605944089655 0.8222490381704181 0.33629232335137627 0.4660187059657266 0.4984485522843244 0.6685132041331673 0.46577365287036554 0.6434322710644667 
matrix: 
0.08790336369419405 0.8446719405193899 0.09765116248407812 0.5641688903190873 0.8531979414075007 0.32361231168214777 0.7762701433815667 0.6086464932003878 0.04224082493275927 0.6377520520189799 
matrix: 
0.12084976831469496 0.9044415381862521 0.2433034494991363 0.714062348251074 0.9563685190871637 0.26893956402945995 0.4135178787872461 0.5572528038563145 0.098626740374404 0.23168756811507107 
matrix: 
0.9151360546455864 0.9171133420131549 0.6111446530983516 0.6614161703636208 0.2808011954161751 0.14419151757653959 0.014800641316850438 0.7406833619817388 0.18743872681915696 0.08090840496734042 
matrix: 
0.6249061988040355 0.42728917992286797 0.5614394293383395 0.1455254674591836 0.5329234401196911 0.09937791087893355 0.3853152670468398 0.42673781469787586 0.4489651162848758 0.2013718509565401 
matrix: 
0.5523298698665903 0.26762299493611363 0.5562904074084499 0.027279349665469077 0.8348064389056506 0.9270958680846118 0.12496770426085901 0.43699429900451425 0.601680991271035 0.7726597593574878 
matrix: 
0.28421025186328297 0.3928061850730945 0.1635654145056602 0.015023962542218938 0.9501742571068521 0.0647940359872411 0.08356627486972601 0.1052014293284177 0.5174561225246421 0.6983544696604399 
matrix: 
0.5936226301061982 0.8760758723834333 0.08982097385299936 0.992590179563721 0.7842308956726866 0.29122593305194444 0.20974637006878416 0.1140808137336845 0.4034247523093154 0.05069858273210759 
matrix: 
0.36712595237820056 0.8304846214422037 0.17919778339106895 0.8733384912382065 0.13977625867635857 0.7575035876044022 0.42836655556578707 0.28608628911591216 0.6283876431164972 0.3296835092917638 
cube: 
matrix: 
0.3036305054093761 0.39857735461807464 0.8647160760376049 0.004428978189879418 0.12246583096452357 0.17105991624798544 0.17149404689991155 0.00503276047736867 0.23196217577056744 0.575482694234703 
matrix: 
0.019018193730620525 0.10440848245643819 0.659041158164887 0.16620750251856264 0.8097842416469313 0.11966225402132213 0.7831101292887429 0.5907277105662602 0.4887767513356457 0.5125406647683496 
matrix: 
0.9797242550800073 0.4619953190460381 0.17251930938709947 0.17959357007638266 0.0290286257335981 0.9894215492751252 0.8250492046565336 0.47539640359198243 0.8294260910099622 0.9048425557279529 
matrix: 
0.16874235140403238 0.8206025335107323 0.4971191110806261 0.7372855140096771 0.5408075196541056 0.36419253339622204 0.22208678373005053 0.3048685847273319 0.6934062987934029 0.8492144154797927 
matrix: 
0.2613859046598548 0.8761952773996823 0.24896444572389897 0.14668860081365642 0.7257097842945549 0.3643212245969457 0.5104347831569263 0.35482131746273193 0.547524506853406 0.7165011687563742 
matrix: 
0.8642741578247135 0.16726009110731432 0.5715660333637209 0.38752038978984227 0.23076918011909597 0.10581223325921352 0.1307885369716718 0.8381989892318921 0.7785242058341949 0.9403977409943757 
matrix: 
0.8229603935938076 0.5956367719722508 0.675029298271859 0.34875082968092974 0.4144656311483538 0.5162596533887186 0.27413964109256095 0.9150738996941457 0.963979756520004 0.7851191222926386 
matrix: 
0.582615443921739 0.026446273160905864 0.8305809404239985 0.6840522532527378 0.5630077095599233 0.8651038304100418 0.675089843453475 0.7512848686396736 0.3989966099844433 0.09868136208846434 
matrix: 
0.8474023863047184 0.6540099809524061 0.04908538890313796 0.9602817335274617 0.7996002784367202 0.4045362774711274 0.6311112421085731 0.5709036163812891 0.5755809161155107 0.41358688257016585 
matrix: 
0.8384150342492669 0.7597004033614226 0.6620165737382857 0.11427168171839686 0.3593132883027117 0.6683516704709332 0.0943309206818077 0.1633131422924794 0.6168599902463799 0.756692704447692 
cube: 
matrix: 
0.8303386496406364 0.3372430585014272 0.9060328030107667 0.26674220052835806 0.42041967993962737 0.4686158597958894 0.9874248914219647 0.7973494394643964 0.5814612937762791 0.09629137584058312 
matrix: 
0.5698631769677922 0.10632634247630024 0.4355062744938333 0.13819861183968818 0.4523723767637936 0.35242599611362124 0.52843857169094 0.2720474383524375 0.8944000285357724 0.5553071181391253 
matrix: 
0.23450323098634163 0.4093896518231962 0.5477987234904855 0.49076384044441457 0.5808244644022325 0.6630879353345681 0.2734842531056013 0.14291514192606725 0.6107906821949391 0.6439577332690767 
matrix: 
0.5677305993852305 0.9431263765077922 0.4115204252223361 0.7972317651113467 0.31306720248467557 0.7345235984968104 0.7286475799147792 0.9402078481758002 0.8380697088695813 0.4701351410429997 
matrix: 
0.1626589745241649 0.4219967935951091 0.5694581400600455 0.9722889949555181 0.9650251414078844 0.30248786162104835 0.9063513085705679 0.10710666224629706 0.9494393786813178 0.09992262898078519 
matrix: 
0.22547678460531018 0.8259434868554207 0.03137969131512908 0.4306251801006742 0.7118711270321975 0.25723347398638774 0.4253156994811491 0.7098312180470406 0.040803516160355824 0.9879966633693289 
matrix: 
0.7269511741427926 0.5871451984325661 0.3239975491151773 0.7838997832589465 0.6232487568247113 0.9550464005711233 0.3460533481704472 0.8480814184392524 0.9805120931293398 0.18504643621031724 
matrix: 
0.40314604893553874 0.30842676116121726 0.8645505622926726 0.15979705851948645 0.8317216092358338 0.32412721577005643 0.8329881940689785 0.27244002641306697 0.3775363993766985 0.6437011077413268 
matrix: 
0.2501309572842261 0.3440661535495344 0.741418193531151 0.27310687481720486 0.39299879173887375 0.4878730975276092 0.5568877023152753 0.6701226980488858 0.3797772721653284 0.08790356664131538 
matrix: 
0.7115477748646208 0.4940433099711259 0.568573490750716 0.5924110901241626 0.15841939505326375 0.013214287988837281 0.2728963235970514 0.1684450690585415 0.20923100389009763 0.7219080966172329 
cube: 
matrix: 
0.05202057761993828 0.8429923158665327 0.9585709627917526 0.01208323558959934 0.6581889613399606 0.9320130404080844 0.6945430047794848 0.8706777225900268 0.807661517034642 0.6266699732120091 
matrix: 
0.6590892049317151 0.1581129254163911 0.2268135777031216 0.35255874548229016 0.2323212977940885 0.03784491879903695 0.5735449312323503 0.16034185321719718 0.16481448384697217 0.18779699276226458 
matrix: 
0.03438400973931821 0.8618185120670037 0.19682839610833847 0.8559991394326658 0.7841812565440258 0.6173522507569518 0.3765433428826618 0.651661146596957 0.6529792595737929 0.39225994419742927 
matrix: 
0.5359434757642079 0.8354122583698229 0.8919760397641443 0.963916536572744 0.5968287102045741 0.10714285171413129 0.33927682077820454 0.8293340073592023 0.4249703643545758 0.9688710459040102 
matrix: 
0.23442400230434512 0.6645140024544008 0.5134375755555759 0.6514934918663875 0.4669567579650721 0.7236535719162288 0.1719485349747094 0.8035480580855472 0.08772494593053526 0.5001461487895227 
matrix: 
0.32333173572368656 0.5398853167217708 0.8987606338859189 0.7944037279830732 0.46426037637527695 0.8883293016306382 0.5520921232361525 0.24774212518508498 0.15964457064125526 0.697585807871961 
matrix: 
0.9615083740310078 0.9420738014790694 0.0023569159526939387 0.4700567161899494 0.5790929724246496 0.41322852540033506 0.799318145866111 0.5373405294038264 0.7430388152932919 0.4040702346616094 
matrix: 
0.8603189090227463 0.21792848085152838 0.7942985537065701 0.9202125845193367 0.1955507422861562 0.7900012114383129 0.15238435158671781 0.23648848869057892 0.19677009466880768 0.2146311615555928 
matrix: 
0.6859245635872168 0.07445921324883775 0.8008938774424873 0.21503882852472977 0.08308890984568595 0.9932589521672993 0.4446155821590374 0.07965198318484346 0.585402899639397 0.1254316944423114 
matrix: 
0.5301678944188636 0.5440385069249764 0.0010092876042275822 0.7073047631573542 0.9059092124321445 0.4855705708238872 0.6337471747727514 0.5937031634366428 0.02337656767918861 0.33860785492262857 
cube: 
matrix: 
0.24855128469838417 0.4336481673864121 0.9099240500664417 0.24151626410766425 0.7253607600908233 0.025729610565711325 0.22854039734309262 0.5613395392074493 0.7804983529499507 0.21162162400277218 
matrix: 
0.2238536359944825 0.17727758078001354 0.6472886130555843 0.23783603225315697 0.5387961897339549 0.292720790987566 0.6722947115045868 0.5767112644485486 0.07226716121604504 0.1653864402205557 
matrix: 
0.32027118785579023 0.574042619472219 0.028889663833109314 0.00779219403149678 0.6561080771696043 0.775159214843086 0.20101566228920464 0.2575539138348354 0.29403959887514564 0.029700605397930957 
matrix: 
0.16410105119082885 0.9532296060344464 0.7703103231184667 0.10632793029021292 0.551038402196536 0.19397344600366584 0.01462405372744846 0.46723671064968075 0.3014433452967893 0.5515272743994905 
matrix: 
0.3701457107542575 0.5084674154001184 0.3666087028373065 0.9304809460615356 0.27788992329246043 0.36225446999682365 0.730738788131536 0.9216850054711048 0.8688270608379065 0.0500999641380816 
matrix: 
0.6357583262468176 0.3212543558108404 0.7860741014590649 0.37370513657962356 0.2625833825109556 0.5409074272516571 0.33186701517370454 0.6851602786756019 0.6959377968846612 0.6882712368195626 
matrix: 
0.15781452997071732 0.07501817827302948 0.7806226518106747 0.2956104913084654 0.5543274715499769 0.9256008910319687 0.5548868406691988 0.4110036872017432 0.9144285948069986 0.510198507652273 
matrix: 
0.8822351773637744 0.08958676956004308 0.7419409923886349 0.8819145158048827 0.15791499015939092 0.21975806681234533 0.6411217497597751 0.9543655535144066 0.5596493598729234 0.8032592212791869 
matrix: 
0.9308286694002004 0.5410665914423842 0.15281974654852182 0.23001904995129052 0.23647755849121488 0.11677282217576157 0.09817858658885903 0.8197639764202332 0.8631508020530709 0.7621687623618135 
matrix: 
0.3404447682558994 0.7319809871722927 0.6470951672091826 0.40568021769273677 0.2145858808410065 0.10969782491990532 0.7622156600470358 0.8477099869591497 0.6065191939197576 0.6582325268488355 
cube: 
matrix: 
0.9267563306031563 0.4761148816884728 0.9069483558868098 0.6361063066697943 0.10135560338674499 0.3837146691399844 0.48141538919965277 0.13679785519314458 0.9136466490959481 0.49078053946619127 
matrix: 
0.880370465426221 0.8986033115235094 0.34948704522490237 0.03702738902999525 0.20271906607659107 0.08320652298492492 0.6475978691721994 0.973333016373463 0.11998625632902471 0.034799354521407255 
matrix: 
0.6310504013545158 0.5532770988922442 0.9691433434160215 0.3472427750062298 0.47353076315516307 0.5990377348213627 0.9313200534152265 0.4965671209215451 0.17066093019600181 0.9267080839918577 
matrix: 
0.1578711011070748 0.20113878961343046 0.8462326493589727 0.9463816326451748 0.22741773033912993 0.7995725167878792 0.7733790853664986 0.6681992409598335 0.25572054241416875 0.6788709792730908 
matrix: 
0.8176125123029861 0.5363583032224652 0.356009852198532 0.8544477000159929 0.7187688971377336 0.0552890869571081 0.8782778737765617 0.8654339501782787 0.30348165414656125 0.398932622361735 
matrix: 
0.7161087331165051 0.8882035722563937 0.700312977061236 0.07240848237315123 0.32316277330313803 0.650154095698213 0.2776991975548092 0.6558370908019167 0.77122342596062 0.8967071489994146 
matrix: 
0.2404676592768038 0.510665027079188 0.04153129403914346 0.6887865085927241 0.4394511727856575 0.30721791041757374 0.7219057349108516 0.18177919802974796 0.746078875791947 0.8140201159310071 
matrix: 
0.5640642748788787 0.5938338453982775 0.8273308604111709 0.4913921869276394 0.04313252650673993 0.9565873139623216 0.11840239592461543 0.23138092287983425 0.3782872627737842 0.8992645772102414 
matrix: 
0.6814355281589192 0.7777877941072346 0.66358230494435 0.1542734614371718 0.9933753295376315 0.36140225092573486 0.7693490552349911 0.561025184112254 0.6609891066903707 0.11183726665560889 
matrix: 
0.28975922398048115 0.10788819793790749 0.45620976879934305 0.11018728922555387 0.89544876961639 0.9180618078027956 0.25982900951358046 0.2111486410261787 0.08063703416073631 0.5492024406536202 
cube: 
matrix: 
0.025334057247886066 0.5160162669595644 0.7010668630453455 0.2482187623525477 0.3300181147546264 0.03412520165612176 0.3858931004574039 0.8617676514276179 0.4773005691655394 0.7375851698251931 
matrix: 
0.3218431229545524 0.4007024420906462 0.21016995197268507 0.361160719779849 0.4346743048804701 0.17480055360834623 0.0950631626950239 0.14923159456368096 0.792752079113964 0.8332166829198254 
matrix: 
0.6931249146002595 0.16372229197485455 0.7943489054726117 0.5869410557276032 0.6468155839280884 0.2042456568391834 0.8796666154210709 0.3508755622112575 0.8979204818504499 0.6820321340824623 
matrix: 
0.9224237004247093 0.9363218328648314 0.924047235871326 0.35748590345461795 0.0011645171076682947 0.8811002246064713 0.911458384075558 0.3783216306382037 0.14617288709009624 0.25001708593157945 
matrix: 
0.5447734182033047 0.2105035481888805 0.9319603688129979 0.838091178210761 0.7431049192108078 0.8017508786769286 0.8374440716073664 0.3624816534251164 0.40937841800728225 0.939060715029484 
matrix: 
0.4657017763771444 0.7592450414645198 0.9759208077285161 0.2437858637107555 0.8727291151474316 0.36221281580423204 0.5075437775985164 0.38450107479155504 0.6407062221457855 0.33907938963422124 
matrix: 
0.5255724868987203 0.5236005931738144 0.43072987316072375 0.42918229204902425 0.5167598343626518 0.636157822499505 0.11963847325469645 0.896728812593861 0.6744844860553112 0.6445470318397181 
matrix: 
0.8093031944467761 0.8716742085205959 0.655796606947767 0.681981176657314 0.9313003905612538 0.12526829198218903 0.15605681356079726 0.6450648128877488 0.8668247291399829 0.7256262589194706 
matrix: 
0.2210848706662989 0.22460550007321434 0.06385604503141251 0.031477656586368474 0.03026155248900597 0.7341599073409438 0.7437321014648381 0.8241166748571417 0.32963411136211407 0.5730066247900074 
matrix: 
0.3587850467631719 0.9534768478695818 0.534540265315265 0.6572497245001794 0.2572347936563636 0.0012861143662100671 0.2543002755875926 0.8119931353390163 0.27505476367602266 0.2660309074947279 
cube: 
matrix: 
0.34702301695183546 0.8600043409612702 0.6014007939234145 0.5273818190065773 0.8108593326120181 0.39432465643899584 0.05895313402489777 0.5558055908847906 0.18785566164093304 0.6165654047234953 
matrix: 
0.561606543545089 0.001971163582259128 0.5431483730466409 0.25480410302222767 0.46076724467513386 0.7936797619227844 0.6586948439409421 0.19182524882119678 0.9480962731637399 0.7280429043067441 
matrix: 
0.07159562919507456 0.060689136312519265 0.2711283073122027 0.06370949402920079 0.723522878654026 0.5373431714068755 0.7039563193944366 0.43735045307678466 0.7225748861829161 0.1042552291839084 
matrix: 
0.9743147131089727 0.6212842944143274 0.14772704174799778 0.6834174173980438 0.5384741133891172 0.11109835418885772 0.9193621352121152 0.6733955777302507 0.9740300753935062 0.842479238420121 
matrix: 
0.5259352637331361 0.782449375951106 0.7327471416074876 0.6032213251464812 0.37185566669060743 0.9028142174403772 0.6494686767276513 0.6972894602015907 0.16529091946875663 0.29140458834652627 
matrix: 
0.13146364236881625 0.22840519679447047 0.32652396735522204 0.2150420579135205 0.01388191516246573 0.3024520683394395 0.1696776299785845 0.3768339823485496 0.2905636581363875 0.7318390302164235 
matrix: 
0.04880184863120396 0.6784082042643678 0.7050900641861318 0.8658887875942679 0.06413991084385906 0.14311151236639374 0.12297606842553943 0.35567306062088766 0.23261860477937812 0.39144611513686933 
matrix: 
0.9241931878892026 0.4248415504861397 0.33010870132796977 0.5702329389249748 0.7773995144154289 0.3446680789230947 0.20549787158114752 0.023935679780539787 0.5933677623918067 0.19754158576523728 
matrix: 
0.38694460877329806 0.8688765653309023 0.11210471901712771 0.023246372015458983 0.8210043368164284 0.4667957098251586 0.538490153539588 0.8878087834555893 0.375754047751359 0.7660286347877766 
matrix: 
0.9444052285815538 0.6034925233296597 0.9918307369075007 0.2379485134528625 0.8596141472664388 0.4861570474000876 0.35259457533517846 0.5389991428381369 0.6606580814788794 0.11292147732700575 
cube: 
matrix: 
0.0828508884934187 0.22841415032765444 0.30167085629914825 0.35078185783978866 0.0822832823981896 0.9151905216188853 0.45656232314132894 0.9862847172815198 0.04392645981341692 0.877462972605954 
matrix: 
0.8298589635791612 0.4097783832289582 0.9416016216224551 0.9746781717083738 0.055062107425901896 0.2819537611034849 0.27240740777274286 0.46133842435778416 0.2265634926609832 0.5934610290677765 
matrix: 
0.6379884264796831 0.07860010210457591 0.9441484103123989 0.3445307637923559 0.1560040096567924 0.10514110108148944 0.1495958813139212 0.4275161317848071 0.8883504432424811 0.2634254928886508 
matrix: 
0.7761910301856 0.40782079843928887 0.4934965599052251 0.8429016428622624 0.1945759539118691 0.620184841384831 0.03069287621595851 0.9972011114269361 0.25622227370692674 0.1854975209232772 
matrix: 
0.43739909498666296 0.8440582415191856 0.9100600986049225 0.03631240268357161 0.09955891752347479 0.45171023618328443 0.9671602597994068 0.05184030649255822 0.8864139485214779 0.8656063428401147 
matrix: 
0.5267648885642645 0.885105695171652 0.8347175460700493 0.21473465800295644 0.8032561629245893 0.7521558924381081 0.42951729574980857 0.09571121581462183 0.065705475530207 0.9663946487699951 
matrix: 
0.3069755736020243 0.7677589556120065 0.5731533507656132 0.4970956926279446 0.8105123816055374 0.1548816931297955 0.8235444510488574 0.04465533310242831 0.8060662469987089 0.3618888026029682 
matrix: 
0.16288124566037065 0.5737041781860381 0.0811123413185586 0.5366603033959303 0.943190269050889 0.15983373427551162 0.15724416623289672 0.27690853021330575 0.5804396840744449 0.3958451682533912 
matrix: 
0.4286271018457648 0.06820041262137089 0.8730865765860926 0.8222492620950811 0.16538576473818545 0.021123010373362283 0.6009963411522147 0.6362330654593292 0.033218204867196066 0.5295534259482162 
matrix: 
0.9887502083599763 0.40837976359849204 0.7465127438414663 0.32190127992353434 0.43931047728771766 0.5302468923362738 0.8349270640235243 0.659871221485854 0.49177540289362676 0.8495929779299423 
Network layer size: 10