Layers: 
Layer 1
0.9222682615816782 0.8536587828115199 0.2959404992974284 0.3744824957619174 0.3204671137729056 0.5074497492212862 0.723493671724232 0.41825892630917616 0.1493027436694716 0.7749268356714066 
Layer 2
0.7915343590196018 0.5547477371471178 0.4379110923935129 0.6425238512187174 0.16529285415093864 0.6819809422491356 0.13222298792120013 0.7719710258887866 0.3178933688813158 0.7013504601374025 
Layer 3
0.7092469280353197 0.19290741320573224 0.9170829926772297 0.45200800955600984 0.245118152598932 0.9230800763109066 0.09631727388415823 0.452027000639344 0.29170509607980766 0.9442546061812223 
Layer 4
0.5749641432231155 0.6700928447814106 0.4908834978496933 0.45362073760469723 0.4113883814886452 0.5164634074992018 0.25688840681222047 0.18374727143671155 0.9391752223721173 0.38805870311141255 
Bridges: 
Bridge between layers: 1 and 2
0.13553919293153394 0.8377458224504418 0.22929348472077615 0.26338314292526055 0.8731361075522125 0.2925868224456042 0.8336584326432505 0.7152014366565592 0.3981016992140095 0.2637328091762152 
0.39548909902787066 0.2502985416637503 0.7314384791651503 0.5239921075383067 0.3414638088003943 0.3212340753288 0.13355656013298156 0.7145400685807716 0.019117231407246305 0.32547110874885066 
0.5358063017191175 0.06136296233563299 0.5089410149279507 0.45306012476576374 0.3018273978287068 0.4218732596037226 0.457506907132019 0.5132841512852254 0.6456945920051238 0.36508230558944865 
0.7545994156980833 0.8770929169322113 0.9617982489132315 0.8059146147316654 0.13278456595453447 0.25460734323629286 0.46275082722523364 0.013798107303671037 0.08741932375984862 0.7286626886826235 
0.34386591025330704 0.8767468591299478 0.29009559530054196 0.172435200125566 0.3216462464614471 0.6894297678187138 0.8389739728444842 0.9596249265145197 0.8263666958331279 0.7811487395704956 
0.5383803378963087 0.7850993123741409 0.4711164467819463 0.2748907931442103 0.7473008610861678 0.46481716557888786 0.12521336609190648 0.9612936318439101 0.9782532616892032 0.4282609388675017 
0.02868879443297967 0.16642979178983752 0.004218116677461081 0.6706327951509082 0.7827056025884549 0.2405387716833055 0.6765499622488377 0.8829357012919565 0.30165610683931154 0.41584907961753426 
0.849804656077744 0.5282741979125511 0.7591208626369748 0.9386186594496639 0.9705242229990855 0.9811570357081308 0.6476028058258392 0.5317818687915076 0.2229740226469764 0.08230605102059452 
0.6865498274135267 0.9506068776632296 0.4983604966920061 0.6441665074331212 0.47495763418964354 0.8687020643230109 0.2595549985057608 0.8272392370241669 0.41763535855459033 0.8794054154438157 
0.06444168672649242 0.45366849456256975 0.9268714428221249 0.15163602688855105 0.14498983548930588 0.8923861478972378 0.5485439418738723 0.6138466381108759 0.9580482514179584 0.6954933053656913 
Bridge between layers: 2 and 3
0.7703964188723669 0.843617120641245 0.6277191765273309 0.2536572135293891 0.6394327496525698 0.8335891804652921 0.5535789082588635 0.6684442946697287 0.5582494829177411 0.9268911955877238 
0.39993617603941956 0.6190549209485635 0.36099957909402136 0.3107715629902469 0.9619324660476334 0.08123806498144115 0.1457890541784832 0.974162706590136 0.6280254243911495 0.8889546223855465 
0.9121744560012035 0.636059113721542 0.9681415128981015 0.5067489546911894 0.03512777175523174 0.7678670357495144 0.5280571027070878 0.3926789580092138 0.8588890613145307 0.8061248802591023 
0.8638221200713384 0.7745533697377399 0.6938649456517444 0.33726863749231295 0.29211919253459184 0.23085970759982688 0.05755985711345335 0.4397798266530325 0.6365570679735417 0.4937394939863011 
0.3474296142004981 0.3133237261560575 0.353348427868718 0.16190589068992456 0.24339227875880842 0.9424128061245084 0.2686325868551823 0.3327176231024961 0.9404042624453786 0.35250147326073333 
0.7278694530887029 0.5260275835047974 0.005843208609598083 0.518661250425648 0.22982426515288656 0.6534088815177638 0.9720675198383126 0.7476658490457277 0.583238333681192 0.112870371788926 
0.27823514542017813 0.5227197145448506 0.05172588571624448 0.5271170416067003 0.7825088530597883 0.3152230016978679 0.06651230657732954 0.9564784619046205 0.9855876139668333 0.7853925721594245 
0.7433710505402585 0.6548919479708735 0.15351253064592807 0.8395947472815192 0.29022788737307437 0.5569037507129275 0.5443068402612355 0.883586411555706 0.8615029581459926 0.3304098803065463 
0.5775295051570358 0.5149350003679397 0.6289277415569499 0.7907668739102245 0.5207671385275722 0.8469966951728166 0.6915345087571929 0.3015061244799352 0.6024235838203613 0.7133668352427273 
0.5099168170825552 0.7123009500752148 0.5244631193825099 0.16280403327743176 0.20307264956615645 0.8165678353646091 0.8806284610450934 0.6647113881729666 0.13843298695751072 0.9256233015433128 
Bridge between layers: 3 and 4
0.32088360581571584 0.18760748587011788 0.7885669752144223 0.7974079465777266 0.16214112369447942 0.08816699389034 0.2843708419873733 0.7913563618364208 0.6634742638049442 0.2816205714993074 
0.2593681986558609 0.9156142159009599 0.4639303766577484 0.7044778789321006 0.42209359513212985 0.7473158635059677 0.5664592213490124 0.02476633600875544 0.8938868635640431 0.644506837271837 
0.9153993718422626 0.41989940137958004 0.2108126059106472 0.17772112319919464 0.16093846239219645 0.46047927234393227 0.8064648089924673 0.5700095826567946 0.13314565292345615 0.35796515718331234 
0.10537303588949631 0.021005775728699216 0.25671628987889583 0.7334440713274016 0.7602547955032082 0.9752268781677769 0.33469209117514576 0.9115064598114361 0.6147531072288993 0.20763195226339182 
0.5105452686572031 0.6269736420177364 0.2235677391640587 0.5216469271685851 0.9236587513164729 0.9671546452288761 0.06625147023152889 0.9092038792181324 0.48315004495162706 0.6109992699772759 
0.5070239570182579 0.34348079730977066 0.6687023699984299 0.9386436439050554 0.4056023201288821 0.17952053066189222 0.9654430589127277 0.2271889650653296 0.9290886336780892 0.01893588394487733 
0.06779653605262737 0.12490413051993021 0.3105892353129268 0.3446212381763407 0.3699008372034348 0.4914850746953545 0.29409237615238526 0.41128932089950154 0.1931330602461956 0.39359348689926255 
0.7452467578811236 0.7333850037974509 0.7858823935265808 0.28881837653382925 0.9878692448884945 0.8353773512510078 0.40469629973977606 0.9306680760362221 0.9076675877156452 0.883059159465443 
0.0067142951932051 0.8717373049564763 0.825288114048077 0.569260095525965 0.7909601789614422 0.48466567701857877 0.206046198488401 0.291810652775759 0.9269989716625971 0.697378997229983 
0.1708480365606263 0.29783151208892555 0.004559523624645734 0.6801717073384643 0.9696828334087451 0.9598773298084077 0.5924922366377754 0.6426939313002106 0.17940992580928328 0.6632229340947204 
Last Bridge: 
matrix: 
0.16526752522032717 0.30896392679529394 0.03616103157994155 0.0595616107221143 0.8551641934021935 0.8453227238353401 0.4664242259995546 0.7458850045526981 0.7326465970198134 0.42308016670770143 
0.014525967102577808 0.7070721107157805 0.6070640635527282 0.5083274256850485 0.7358614594234192 0.15330738507347852 0.5854030569111469 0.4152175859971633 0.6512084506964685 0.578002520014368 
0.19932983674035953 0.16549561231263765 0.7165556376464064 0.18561558460177807 0.5718022161764634 0.3553997270471806 0.38174378894655225 0.5426829309954262 0.3658251258953227 0.7066656827422706 
0.7195735726941683 0.5078259208815923 0.8169181561946505 0.11358941558988378 0.2607881787412353 0.8041724922870788 0.6576315684941826 0.798401631158399 0.22190769926690823 0.9951346999539238 
0.9235967839475443 0.26896599228429163 0.5909096624478823 0.009563467663270875 0.17422540019940735 0.6327484132083453 0.9088085014358922 0.3460846339177597 0.5273267934562498 0.10899070611664996 
0.46661872928795 0.27499160224132346 0.3032817864098676 0.4115307435358705 0.7681546380788441 0.34478760700492506 0.3569704113284343 0.45853307223702244 0.5962619766775527 0.9351018307510224 
0.3512654531885162 0.0754787138068107 0.6416878443050454 0.4755544307463554 0.8670046604968638 0.2277621664008066 0.5565706354784165 0.05161991063548277 0.982432709764185 0.9345537656731362 
0.6976739659605422 0.6998246903545257 0.49216183556527116 0.5573251107055804 0.2728378780291163 0.2966669328080723 0.6360924320701118 0.6257447326536164 0.058589931667259454 0.8212593430744423 
0.9746372724074616 0.366876505934034 0.3935848403906297 0.8567668274720008 0.6989989290082088 0.19311987479354376 0.6644441573330606 0.4268875967457584 0.4727955020145086 0.92283961584509 
0.6447011707382846 0.08897965670963226 0.0875565921115331 0.9815778997857085 0.206066141940199 0.2304858027981187 0.09587258160997292 0.6784659225989932 0.8532401762585274 0.8654343953551112 
matrix: 
0.9987825986676699 0.5001962422646152 0.6698538991256936 0.5900594389508829 0.4425526655273043 0.3883587114742014 0.4241490969492284 0.7574406632897264 0.43516036676889946 0.18479505284112563 
0.16128007041519132 0.7934628856827219 0.8399211123108736 0.7434941519159697 0.43327910216789656 0.4204591425030173 0.32959348830841384 0.8788051713262746 0.3648438249072128 0.9732502349794357 
0.9501350734264862 0.8222622597033796 0.484791391785228 0.09294732526482707 0.6584361066066886 0.47001174914014987 0.10895757392135241 0.791254875870175 0.8829185950888866 0.6430350712054269 
0.7927322093804724 0.09525231229285458 0.20278719211499074 0.7674931539685598 0.42642641587244356 0.07354682524492007 0.42889436715415685 0.7010857509944681 0.13647366727793342 0.948153552289956 
0.01985196259616584 0.01751388234749085 0.48549383211236063 0.618650475999143 0.025483729397126398 0.946067427742586 0.4435538142554848 0.9558082413023126 0.07539221887257574 0.3082213481320074 
0.42975702948729855 0.9935717931320908 0.9146136715289858 0.5650524616544309 0.5941927620918152 0.4117580161028195 0.4409128315349192 0.7044301544066571 0.4371785936706467 0.8081105522266584 
0.39591396409093327 0.4827401454485498 0.12604535305373998 0.05244532030080895 0.8440631531520538 0.1486220960425264 0.5074208492281741 0.4665295194315857 0.8688282122490291 0.5522588805403723 
0.7544912682995125 0.7110691773107658 0.06476024448920858 0.480725239579301 0.24657670341215188 0.755034472834908 0.2636436811932388 0.14694928340530244 0.6641063249025532 0.7684419741012326 
0.7714348315766675 0.7960464131066936 0.03556828110039645 0.27082943953190874 0.976483233645018 0.18594087823550964 0.997493225035724 0.7591049185641084 0.5339419870830985 0.7890749537891271 
0.3885548169284653 0.08122578445821138 0.8730037069309105 0.10576887312883321 0.9868495820862199 0.8521877291934102 0.021147283972630326 0.8630023918856495 0.4781763789695861 0.6767738911731864 
matrix: 
0.9235296526910575 0.21858158685665574 0.2813374830493388 0.35750829142863605 0.8636853155773804 0.8524622319637165 0.1486803136405518 0.09277053223000287 0.01600266029838282 0.2088416388179838 
0.7905628756028802 0.8341868940219894 0.8906681695869454 0.4968887496410961 0.11830953209556605 0.39930575913664224 0.7926670546168755 0.7093882963430425 0.9447273761121374 0.39376367690812253 
0.6313395746916681 0.2766262075661142 0.05205387023181485 0.3120084495236223 0.766005276052832 0.7508418282597444 0.6700914726003357 0.08297236036883104 0.35184740723757957 0.9145113589444348 
0.0481379259578103 0.8611067769815621 0.8618661360148862 0.29446587017275705 0.6506294221527488 0.6314179440091605 0.5290667305872623 0.6311502522582204 0.9100188885291386 0.15931207200746167 
0.3485772585764578 0.81457396617164 0.4943537246764763 0.9290564152364943 0.17409409966981204 0.6348722438084411 0.027855916871055708 0.5144745213416676 0.9926790784840849 0.7884374701757073 
0.7261037628984887 0.7921240957266857 0.9699986896912296 0.6984400439725181 0.39199826153811845 0.9066221792500341 0.5198376937183785 0.1448334727210695 0.6471545727160365 0.540112963216543 
0.6623497891180482 0.18249049291210218 0.9852991871751501 0.15294322487919487 0.3562338314130592 0.25201710696723756 0.06450402759417784 0.926976181318142 0.23975013780375776 0.3589800772756623 
0.695273735694186 0.9553927670422355 0.6737655600959985 0.6804664201562756 0.12306555415753795 0.8171071582637678 0.4202995136811314 0.5661692456315597 0.9340318383547151 0.5896822001272644 
0.9327259709717184 0.756198017116159 0.6215872578389507 0.580975630769837 0.7974073233030984 0.879539879761791 0.7913044483952437 0.9993512112349516 0.25212539680836843 0.7273890452140288 
0.44688033820044004 0.9621923614734282 0.744935673018208 0.1150701784082726 0.6810746157545094 0.37693482406617007 0.18080969281241954 0.09063386907689841 0.8968980946994612 0.5895722439933581 
matrix: 
0.026248747462029542 0.5186785809749279 0.16299125988613195 0.40806948774659224 0.154222136365613 0.3535954769063201 0.13377730682472022 0.5637590355206687 0.8172164260500162 0.0027346837851487393 
0.8923120556572154 0.016127980777542406 0.30403895898367894 0.0013961608554833305 0.8854650643569082 0.3525090488570347 0.37821235016625354 0.24569157914133155 0.7586053127839436 0.8365476961273205 
0.24091891461278125 0.1373321661603436 0.4613636634380571 0.8400500388144222 0.1193277321372277 0.06676940965881006 0.022631499867287297 0.38633472693492366 0.9595111143226687 0.21128777766245876 
0.9053670486814527 0.4843627897816668 0.8468244549446954 0.7445815634979697 0.11888992752630945 0.01576813992129611 0.687446562616066 0.2824944772186385 0.25077459576351435 0.9673260880796604 
0.8994851212467158 0.6265897603006978 0.4658676624107443 0.37460484044912856 0.9317850586440785 0.7761525887498893 0.40196728610053756 0.7946456487317434 0.9144145877204393 0.8352930414513287 
0.9571870267888769 0.3735446268934711 0.028813224545321536 0.11080933545626392 0.6234947055407627 0.4356311994349832 0.04393123020230061 0.3165857584036025 0.020841772600567632 0.1517578922503131 
0.5038676110680325 0.7896545670572526 0.548908104526044 0.42064706180160216 0.5028903531974297 0.47939990226328355 0.16071255909626592 0.26721807887083837 0.5239635275912636 0.008106650830539852 
0.30847111574958974 0.855512077896901 0.0019897790367197077 0.7049509974512074 0.3183989389536963 0.2784946722849626 0.9307397276808514 0.960344002818089 0.5968437900559179 0.9219373356965391 
0.060036791686749136 0.2200844383347519 0.1222884162143264 0.1641162984922918 0.8170740354077896 0.7276485339504111 0.9638006132153718 0.5407609762835968 0.7099255692049133 0.36227696554901656 
0.9087051826750446 0.4575117808124617 0.7587374986433372 0.10932665275835074 0.9772845176569811 0.4972673893434463 0.3466696494773035 0.08833119549249258 0.10426678330757244 0.4576277585809484 
matrix: 
0.3807102657663318 0.5857201729812084 0.131628758282341 0.3529578771665881 0.49378114039387677 0.7168671471853417 0.6335867149642471 0.4016499088628318 0.6486683404016075 0.3354510366280582 
0.5657322024346453 0.3503479606357688 0.5692863372836888 0.2469492990697253 0.9233349794319085 0.1614379487799814 0.06364474588223767 0.627016498284394 0.06963745750949235 0.24466447638664368 
0.9991549275526292 0.42968811462390244 0.2819611982656728 0.6690939831937368 0.35389804852913587 0.08354134761124277 0.17281384289862822 0.714054839047553 0.09290882269332057 0.8538910775098958 
0.2797873879681404 0.23447632772312343 0.6325182779468913 0.8848434634016327 0.9414649161812275 0.7176716373207541 0.6349786940157583 0.5652042519725572 0.1369379991703633 0.4174595515772891 
0.5523844085562711 0.019829719844543847 0.4213024034337409 0.6345352862952973 0.054077569762688404 0.4632235902182642 0.8668566398661347 0.31850939420139535 0.23586564934873866 0.17161167877514993 
0.40972484099135 0.13213609530397175 0.29518005130012803 0.026442131918619882 0.5687321775003884 0.43566917053210485 0.5456288445256926 0.7525285116319143 0.4274400987230884 0.39686504893810626 
0.3865145261971126 0.6157480272286375 0.07846871294950386 0.19066213073479832 0.7130141979195447 0.10848723583090458 0.44487261917731347 0.20545426218902585 0.8907941759158382 0.5597812233734636 
0.09194355743508731 0.14223262690948368 0.5162675352731261 0.6208982262245295 0.040532162314220965 0.812607367079547 0.002545894467016918 0.33617791985452783 0.38298532999129087 0.809107849495278 
0.864782992447701 0.1623834265787666 0.31430237901938796 0.044572819864452606 0.2122651092451011 0.7286202833189688 0.1897123126172381 0.9450424411664151 0.19172586784776846 0.7126613267707725 
0.4588141806555358 0.3675495701235153 0.13686628693867964 0.16677504157098066 0.06015704090241736 0.33738445192532696 0.17636237963776635 0.9179375109462441 0.4005837088829829 0.26568790973831946 
matrix: 
0.5218769497618179 0.6874368927007566 0.5165677983577734 0.20946946804512456 0.8900533799536733 0.872811570445053 0.5851683763695636 0.9508725594061972 0.8738953354468129 0.3594722729853237 
0.6421380438343359 0.042251151218394956 0.902610013801012 0.16063606380808915 0.6857460155086614 0.7704276279824034 0.12857861119038305 0.7638371087115776 0.6780759079005898 0.9144376075791674 
0.0748088109121342 0.254293114663378 0.5708743817629891 0.7333924459586285 0.9930980979168453 0.4020261286114857 0.8998849728897996 0.8989704641732574 0.35359594710977715 0.6588739334628625 
0.4925932929989266 0.8041900913024882 0.8172649914833111 0.17952290934531723 0.50244489001361 0.14116407280116938 0.3456642812198427 0.8293498527692569 0.12161164638494304 0.8895924098916735 
0.7312448037364674 0.8410502298798954 0.6025847390399636 0.7573596564813864 0.06916389879121365 0.17152585113821617 0.03908596507207651 0.8560320497723453 0.7761681555401488 0.03872567588038711 
0.22131473002504687 0.13906407977502222 0.5618243087362508 0.429947072724987 0.4881348085724935 0.9131306183417414 0.2252114550506673 0.8688320249027053 0.026489340601793754 0.3702076242930554 
0.5866018948295479 0.5827543689847249 0.15826189283958747 0.7837699937843848 0.16301174100632665 0.5692980281519445 0.022577076131728657 0.18798671739549755 0.2405114885473929 0.16492224772159902 
0.8747469867124108 0.9800515193058773 0.2261114102544124 0.3485205144059783 0.6783923064921562 0.5346248740548961 0.0082527196590928 0.5527549770879001 0.6319550367705735 0.3114513547966584 
0.31656354370358053 0.8926898129520796 0.5600077492713128 0.6975995885952596 0.5471444127136122 0.23410531752877994 0.2278222162947917 0.23384236273745396 0.0431628344178584 0.876026464962872 
0.7517078768700431 0.22329621151723056 0.15885094704302039 0.8741625437304885 0.4406986472336667 0.8854261533337081 0.7647914415774549 0.6495507165660803 0.2691734946791575 0.7236964013011002 
matrix: 
0.6195429255926743 0.03235243612514316 0.03103814299185681 0.9257161205364858 0.912338813574589 0.37537194797473117 0.5002108515257754 0.009633184661367755 0.7910387772637681 0.2655111187536451 
0.5785883955496126 0.19655932474428472 0.2778467363394228 0.3510252500377603 0.06769268942891271 0.651766655805687 0.3585675840021366 0.5657766159362174 0.3041797138114809 0.7996479089054935 
0.818261872683244 0.5986902521085927 0.6733055297826733 0.8112076449578722 0.7824165817590019 0.06591880853776111 0.7885050967654951 0.09379937306956276 0.7993550420480691 0.25737460215586605 
0.8163849107548938 0.10961987176774024 0.45992336241760323 0.9031961336693812 0.8000924325747525 0.09804764496552243 0.9690175761641541 0.056564293639911445 0.3938898304042937 0.5706678152633549 
0.26787559885347423 0.05226416390042721 0.6072410098553521 0.9106781367316715 0.23146723970365513 0.8834071774903781 0.01915333593679036 0.7266566773608948 0.17340590462227157 0.9128818202498762 
0.5395794621629793 0.9469226241872284 0.486499576871647 0.5228425443386872 0.8820786092864371 0.5345435743770036 0.4572592455764801 0.5019764366614708 0.34491933420208887 0.6536456831378645 
0.8718345234741711 0.6507712258255569 0.3326172975881724 0.12164137174271972 0.04897929270830792 0.9678048531490215 0.7210562636221003 0.3113163834034879 0.9395540007481623 0.09818414219069538 
0.8181176534924813 0.7613528608812611 0.8488554756365799 0.6544689446484616 0.4000205559439959 0.8910091147223141 0.4843660422008449 0.20259135017495933 0.23070012561226272 0.5229610283118413 
0.9061325448021641 0.9413771123587029 0.9838682477429884 0.9151609137582413 0.39420202978791896 0.8312641523270181 0.9295299583428657 0.10711754120965344 0.8030860748929058 0.6342272226786516 
0.6891120516516347 0.09489920586030332 0.7943121463470988 0.648280039367101 0.7347471039162999 0.26604783742552585 0.9501783884601864 0.9020846106454171 0.2951791385206336 0.30636254976071087 
matrix: 
0.21524350985404417 0.2417396590024654 0.7524962003577472 0.9957559247138122 0.5999341565751195 0.0067252998226946525 0.7695077352011546 0.44539971444447435 0.7868352421802316 0.7705714134393556 
0.5767140479192112 0.8222920647694435 0.9154561857642701 0.746899719229789 0.4734288458760565 0.4731863167503919 0.1335207678890351 0.8913125752982326 0.09424102759601682 0.2483086344753651 
0.2423549862515083 0.5183980251109938 0.21925119435014984 0.9289725857111786 0.51815432397751 0.8884423806728592 0.543432354012166 0.8253396695743362 0.2107080581931019 0.42958392973819615 
0.9175729411946157 0.8218634179475367 0.38370296547756877 0.5432079002564945 0.5739207542926382 0.20765155048098272 0.17671782727054297 0.32949475681828655 0.9422235283908886 0.978071674053684 
0.4578359961051285 0.8472913052049322 0.7293099943181995 0.9703665234492701 0.7642843893649849 0.976118293170346 0.9929668149069271 0.6174066592056017 0.9621321309891171 0.9915411179136289 
0.27797402378475333 0.13312779159137622 0.8624757113251942 0.77093603307265 0.7722164970155964 0.8725140613973918 0.9868237417445413 0.19130876220771176 0.6544915397596227 0.8360100445096907 
0.16179513315517002 0.9642232302333394 0.18834868133207172 0.6344724669006686 0.3683943644739438 0.7081615218170237 0.5667986128762499 0.4502173794625296 0.7796221005239005 0.3902346869650778 
0.9013284495310327 0.975134105423244 0.6779574159037882 0.8159232297095174 0.1848939292920293 0.0016378140068949998 0.9476412159170163 0.9883451450489875 0.5791432758659119 0.2518869794020152 
0.7577186005904768 0.5402358519781765 0.1952718150412246 0.5551257266081454 0.19846088881918067 0.3407581603817932 0.25716267847288055 0.8165913769211897 0.5701392170711768 0.891497582122787 
0.5728058550601239 0.9116125674751455 0.5332286695390441 0.24200547855156285 0.6432604825694236 0.24121024806611557 0.2683445403738214 0.9095764222458738 0.9514594336283357 0.1094038927436658 
matrix: 
0.18617601012695983 0.5617777441115965 0.09404307308193205 0.45729648043684046 0.7823180376495464 0.33984753817376634 0.01773910239658505 0.22672125849890623 0.9347329616599589 0.9908944392345402 
0.6291635758958445 0.22388093425667588 0.4722170937629889 0.7329284193191251 0.26876506167023495 0.424544490567356 0.05362027473186526 0.3411191507573208 0.310104756207617 0.21868690299969906 
0.8034000999448042 0.3705409614670897 0.9457752150009663 0.26649362273188626 0.4873732817704377 0.6290216644613094 0.24528116066223882 0.19248872905637437 0.5749687880447895 0.647007209896777 
0.9034930924315301 0.808196115977363 0.6585874060242164 0.0345152812198769 0.6943049271191927 0.7124502203790555 0.5045040850619267 0.9985541429317548 0.33793064776143655 0.8912586389138278 
0.9947652358890363 0.09189137424219829 0.5109304169595553 0.8941148391060861 0.30919560864136597 0.5176817446190037 0.015169724257754091 0.6424581780114391 0.82466648876088 0.29459329021004155 
0.8502460428029708 0.4737917254520745 0.5327323627554358 0.3572498775550772 0.7912224524980126 0.6419615764521182 0.07877853465167173 0.6251852635422873 0.47706917076192157 0.24809520055965806 
0.8990290555740167 0.159234280146052 0.41805767445639963 0.5693795024052706 0.07877753129443021 0.6580076415674626 0.4625709201791315 0.05318332037792284 0.5191366402375093 0.1480784505538949 
0.7644776121022178 0.9523397533899483 0.2168465658229134 0.7704919079769486 0.9737488172907257 0.043291617336345345 0.5653374766763657 0.14265347947408535 0.9172294217136983 0.9796459063978374 
0.818537757583128 0.030078520725279168 0.27989320198046064 0.7104372663576654 0.7917240100488881 0.5831753505516735 0.44210243691249496 0.48122313700699093 0.07314383240121125 0.8748328268587191 
0.24692731462003947 0.7365837937072109 0.6845483429599233 0.6733495366125751 0.7019948740249984 0.28961271556837276 0.8002089232202424 0.7915516961531767 0.21442881239236122 0.058361326657606516 
matrix: 
0.393241474666745 0.5596083672190919 0.5179091148205405 0.45730157423864803 0.24778802417109114 0.5295875474275094 0.4551784528228182 0.11527667421587073 0.8301878940299138 0.8588402835387886 
0.27795213418007103 0.021632769944617714 0.35517965073147795 0.5237813408408523 0.6208912868131294 0.26648679007039133 0.5596949501871581 0.7669611823685696 0.9124917035764722 0.1918610348809926 
0.91173565402864 0.2852517826333 0.9666377412142654 0.4170761410631666 0.11129203321707759 0.6182825424464163 0.7255195338894074 0.9630786189145754 0.708436694160966 0.3139178565853601 
0.06427900381284346 0.3125381007337301 0.9293460058998692 0.4324413685170654 0.7499118213607447 0.9985585913924704 0.7179323125833179 0.05680549238516164 0.6810819576454814 0.5977930207412211 
0.1971982062715456 0.8849324259289076 0.7960313466023957 0.18788917901410784 0.953544882746171 0.3361665339289829 0.9537384907909154 0.7452625811439855 0.017879358269016654 0.42434725733921574 
0.8745550483879453 0.1535845106824656 0.5541774330147334 0.016072374275099 0.18036287776152915 0.8412554520224025 0.8763947286252335 0.17976842651055347 0.34090979557027723 0.992624921536672 
0.8110634927805892 0.824452137918576 0.4875303269760517 0.43319846680054785 0.7110891527905077 0.46963769836254254 0.20212190435766741 0.677163531048579 0.9338335186978187 0.6291937056944947 
0.6513492176948206 0.13363768801147768 0.3337842625631564 0.8288619704020027 0.7202786098183285 0.37652889517385224 0.3947009170178978 0.2321823601331876 0.42767119464481784 0.7973697777277492 
0.34436184459184327 0.9700204067556703 0.323166317202761 0.755317141825804 0.9151852808949369 0.862672364342941 0.7871115085574735 0.1467969091245025 0.13007476539431562 0.4391992658554308 
0.9969217441270146 0.9102092665306821 0.7927860747788968 0.03018929232084666 0.2933474418843932 0.8708427924205279 0.6822426779212476 0.06920607491406972 0.07598552909834833 0.6009821770088276 
Network layer size: 10