Layers: 
Layer 1
-3.1194567167909235 6.747890378913274 1.7352699929529156 0.5814204615328356 -3.9172170125023227 -2.516638140073666 -0.24373124155490175 2.003371108262402 -2.112548712707125 1.7763754762387667 
Layer 2
3.910760136504362 -4.45629849497364 5.670210644823689 0.8391117945174228 -5.505591714975656 -0.21971825249726057 -0.23873929410160336 5.708038739953596 -0.830528716099444 -4.757546377080825 
Layer 3
5.543433160880924 -1.2164928603104501 3.4445319679825093 -6.567538725377422 1.5125767764372688 -0.5137047115078436 2.3313867237367707 2.2190071477318822 7.61289097491107 2.2622400031031726 
Layer 4
0.30887502544180306 -1.317010330200153 5.7413273808027725 -0.6167910831436118 3.319355741201287 -13.73338735131763 -4.063308187726463 -1.2594202945738162 7.801505671845683 1.768215694509186 
Layer 5
1.6707303527892807 4.967080720718845 7.958589717545312 5.991874916102039 6.296144901936701 4.324437537771757 8.34458000462718 0.9445816032803341 -1.2255090998268356 7.103693181368362 
Bridges: 
Bridge between layers: 1 and 2
1.6876201857648445 1.4754350597953738 0.2105522883607999 -0.8315882192521958 0.30144347211423783 1.7954206081363193 -0.5965327794669746 1.2953686404278555 3.3124195536210164 -0.5595137441759568 
1.431037887543516 2.2545643590747244 -0.6483977023762452 0.5194046168133343 3.429486947058859 1.087176874693659 1.8337762232101373 1.4300245206925413 1.6014840272943522 0.2759985778744314 
2.5264028425032348 1.7809026526607343 3.024410996643467 4.967464341779515 0.28586769233449616 3.408534545478407 -1.008106506821826 3.86230001228858 0.19261246221333586 0.18836499951945979 
2.899470568669397 1.1050141981496875 0.48420021349290904 3.338494052305363 4.107531342960466 1.8928107249718356 -2.2580386909497467 3.618770055978857 1.3026589429638964 -2.2636938636858743 
1.965173774518172 5.436011472154205 1.2216817732735037 -0.4354845188506479 3.7070087536593648 0.5668419242243383 1.6306413258988974 2.153725950010473 0.8279134815633645 2.8776816398539204 
1.746989584113844 1.2351845109027524 -0.23402091143029002 1.930530912275814 7.373984022779389 2.703252935438057 -1.019094467583461 -0.42723540284552214 -0.09319477475094866 1.3829169587098613 
-0.7348172272829688 1.8470738349484745 1.0901077923215972 2.3234324989460324 2.3754483246001588 1.6847767706013206 2.056926012398589 2.387807166343716 3.603567204886547 0.3020858826604771 
3.3088183396509097 0.6360970897046874 -1.0155081035609543 2.5072487584636116 0.3869126014346051 -0.6088414573656485 -1.498285699128849 1.3367563793243913 -1.9819117038250977 2.494334751288457 
-1.236458235025943 1.495081539205309 1.4110404160946504 0.6181298993459136 1.5024681680292542 -0.049917092506623476 0.9216404931231732 1.2891584009056152 1.9429908041801607 3.9492883406233177 
2.915478547904285 1.7476448143107866 0.34267618576248476 3.5965778397850534 0.5844523458585877 2.2023560613761646 0.7614180747643204 1.6662555363025837 1.3540706207418494 0.3813908822195631 
Bridge between layers: 2 and 3
0.8366085243282713 -1.3122550898328351 0.9750912257507401 -0.912044068893657 4.193425151621097 -0.8602936153245848 -2.737470887832185 0.8495399485896605 -0.7261458366768694 -0.5134939341416089 
3.537484837137896 3.285187534648377 0.3244717742036992 0.9025169799591529 2.715395236908719 3.2090345961396003 1.4633261840142704 1.8859484751033317 0.2365396104742232 -2.0830771038838947 
3.662674584187854 -1.679673375891449 1.3856723646299989 -0.3402827548607023 1.5388313297343763 3.6682729925491855 3.010083662611506 0.5594665211363953 0.8579303930958398 3.4936850535912827 
4.029576672348026 -1.2708031439942002 0.10176562223526495 -1.8866571121701758 -0.4095461661555241 0.9263087184598621 -0.153916603730905 1.893050523313128 -0.3790272051144773 2.415434644166605 
-1.804498857115493 2.914270691174239 3.2487738732414937 -2.5526681780777207 1.0000606633936868 0.7147502921322694 -0.5994622795736426 1.0488638033853008 0.8198878065518482 3.5319945161081296 
0.08826740222144008 -1.7116954362485788 2.316997996108851 0.2360366432456354 -0.6420615096153487 -0.5077890669591304 2.748250032029245 -2.03595942717077 -0.20171566271336278 -0.7553431711061618 
3.498446330648701 1.1131936174419326 -0.4511509627625866 3.653160306335123 3.781771267486574 0.56586528654057 2.6097120073714266 3.111076894337642 0.3224184054576707 3.323441331189834 
0.35768476106260316 3.5498970040257527 1.4929149349015576 2.3041665200296055 -0.4960685764322572 0.5957288432414417 -0.49164647688742075 0.6754244377577603 -1.6705586259022833 0.703238436909901 
1.5511420510672251 -2.115640929062275 0.8602482847198544 2.399953223776775 1.8588575564892502 2.259691672207903 3.0215706477151927 -1.3091739602845376 0.5099123821378645 1.051538226418821 
3.1990422621053916 1.8693867471880046 1.6461130010094775 1.8893451742292597 0.3373946839968806 3.279753636677499 3.0623304535621827 0.39568529113459117 3.419393007536436 1.9982362597531265 
Bridge between layers: 3 and 4
2.3145599020143215 2.6019504321582043 2.2606747876546787 0.3794068827384598 0.7881744915996705 2.6219495317809227 -0.29771843146995014 -0.014019203035896585 2.5180724545695026 -1.4788087639465026 
0.633308717734766 1.0267411850153036 4.601889664092406 -1.1783169078342828 -1.5158904534615032 1.705453720223723 -0.05827470174852281 0.9695388630695901 1.4172003802657964 3.7723958570824623 
3.579495898452712 0.19728826356536244 -3.2398559059833 0.88469830074711 2.1297266171487332 2.638144650425737 -2.1460366969568945 0.9312656709673917 0.5853294978302487 3.4181472818947993 
0.4155669329661804 3.048594575091314 -1.3071898739194998 1.1080719402289823 0.9957799358797518 -0.9410972660039648 1.5650918297827856 0.11250400740340771 0.743180230800503 1.4879923154080545 
1.3689769741647009 1.3103556315158655 1.526220611795686 -0.19477067111463361 2.0088392456963664 -1.8646572235655934 4.446670978634258 -0.2685420276249255 -1.7702248680019492 3.2644011844891008 
-0.0627946898101881 3.2728590896689544 -1.3687150762661313 4.105186336235734 -1.8836698379063614 4.279972314794636 -1.1225348510797921 2.380578979807612 -1.7398863437257504 1.2908592857361358 
0.848351884459314 -0.635132833922161 1.0344420693719458 -1.1893964103226404 0.7700066801166771 2.2423778104390806 1.7710855983934255 0.4216171598380082 -0.1003144699504406 -1.0186501845565707 
-0.4299247969778728 2.9622654220654336 0.05392311515979542 3.1324188218801527 -1.163296077509728 0.2801105505868629 0.5735546302630109 1.501337927625089 3.2870306807709264 1.2961376012052301 
1.4732003958685425 2.1512506209892495 3.159069449024579 1.0007350461746198 2.1388260218485096 0.5912952735886909 0.725761537061247 3.8087926437431974 -1.714453258180122 -2.5298773996766815 
-1.8744676831947629 -0.8155843508204763 2.1095092210197453 4.779268780313051 2.7906903218109247 1.1449418392951347 2.299253233497835 2.455239512389989 0.27410951610951273 3.119411746247682 
Bridge between layers: 4 and 5
-2.69610010307153 2.0008088012704124 -0.5132025008375877 5.589969679707537 1.9579483993514055 3.4976081472433034 1.7106870724683447 1.2159288159460495 3.726877971807526 -0.10469402086635694 
1.4681365101669912 -1.9211882710341832 -0.49876561093396576 -1.7249281068936657 1.6382446284885466 2.2723307361294367 0.810023981960786 -0.44586522707793397 3.073079041192389 0.2149416679489891 
-0.10786181767364085 1.3602463863980057 -0.2930708659987791 -1.1939644546436903 1.5108780596978801 2.3278831014387555 1.9463725106960645 -0.45159288445179835 1.0662245985421668 1.1321113388054653 
-2.5945964989779107 0.3103070339645409 2.081314414569621 1.6093065441605974 0.0322683126668538 1.9396852205717932 1.9191580969110222 0.3264406644234775 -1.6490515545180964 4.40393538509025 
0.8281992625707992 2.5961078591754743 -2.3513269893612216 -1.154044602046496 4.405872581856218 -1.6955287768656444 1.5562849080451706 1.020088101999866 -0.3853481070909658 2.5844712846768023 
-0.12655023519524938 1.5332781723045275 2.0796554552621296 0.7952196552507154 1.8592923097357021 4.398942128592165 0.8845987510004105 -0.9958442518004216 -2.537721234172918 3.3424900086203655 
0.1696079684338208 2.3382590166200234 0.36071639988539517 -0.2324464787736567 0.3585347173490353 -1.790683239286598 1.285676132992544 -0.8108697338427332 1.425121538025925 -0.6418276213986366 
-2.154695171943984 -0.48598325775644824 -0.3527704337360391 2.6072943567211433 -0.2538154074001309 -2.37447873459223 0.6121678296217302 1.5353808382707517 1.7721584494088949 -0.4013464989143781 
-1.483315114716957 0.26158523016954777 1.454759555127201 -1.0459925322638726 2.153035575906092 1.859401080137739 0.34768513423438285 1.8056667556893435 0.18389510783431728 1.8160709040550962 
0.38811599510031025 3.2909705375321012 0.4376762810982948 3.817483577106153 3.755010907844455 -0.7854592943729185 -0.5234084380041218 2.22332858543329 2.8464794008615963 0.7293638272919197 
Last Bridge: 
Matrix: 
0.47477076144067304 0.16603300987410252 1.1098188261063835 0.490844711413267 0.3372468794551574 -0.0939991635399231 0.05255542667893491 1.3499013638464674 0.735820256661446 -0.6771785532256918 
0.42229360998789534 1.0076776704699986 0.06751874384355436 0.004345649886715611 -0.9546028178174271 2.6798887827073425 -0.2623045605605338 1.3620955734225086 -0.04536611736443702 2.6726926351165163 
0.9912614984556793 0.5816037011211862 -1.5337629324871571 0.824687159033376 1.5711968130489478 -0.18833608269440455 -0.3443015379990281 1.3078137499321005 0.5752254810331608 1.3956873908778675 
-0.30579409738204394 -1.4959502205066493 1.5299863878705686 -0.6042406964080589 0.014168683339216684 1.059033798791447 0.045223529859748285 -0.054625736377210216 0.8670360909589915 0.06088477445863834 
2.0577332603714957 2.0320711461339127 2.11118660310928 -0.8423234214039859 1.6619232612999604 1.6937909213982374 0.9336072341887355 -1.4747489577085608 1.0957512194738368 0.13334222630620163 
2.089069013503564 1.2919788025485746 -1.8436946250033144 -0.2844130562065308 -1.2948348244032526 1.141903504609279 1.6655443710011084 1.234379205603354 2.6485015517245167 -0.5153369937928147 
1.3349440088962556 1.1329233828539866 -0.3461103164114638 0.8520193839974978 -0.641106428611695 0.7558542231607779 0.5624630106378437 0.8894778080717634 2.8497342567124515 0.8159292922321802 
0.22503462669661306 -1.1455194605389234 -0.14770584442000945 1.9798663934338765 1.4410903682686678 -0.7297569350723289 -0.49003257666963473 0.1378387522738132 1.2706707948852438 0.4359057305647801 
-0.21870073370805737 -1.3333795784908533 2.171500398436864 0.18996701735918958 0.43803244741312064 -0.19384660450623337 1.2742408521774629 1.2599882908410036 0.4888745501506242 -1.101329513705825 
-0.45087040076334783 1.2736821724920435 0.08409631029425405 0.8016273253498802 0.5097965357833935 0.6334543842458745 1.2342785589627019 1.0514388814120157 2.8594836399768755 3.5111969566427326 
Matrix: 
0.42463111548095267 0.7116846274711975 0.4376653764734319 0.5662387269054007 -0.6125431949557759 0.6457524284019878 0.030319189047759237 0.960929331670343 0.26718614171066146 0.8799266405094985 
0.06932099727532637 1.4178829179926251 0.42709488108367394 0.926295361538168 0.32151463147018955 0.3180926878251303 -0.3367120651754747 0.8657051678722125 -0.9722484075814404 -0.22107925812326834 
2.170901786812329 1.678949391977971 0.6298737832539028 -0.5153301594427909 0.24250268343372783 2.134503567794594 0.4825005860133018 1.2290609706643214 1.4822409893359727 2.074142170075041 
-0.2843676975589102 -0.9770220221158064 0.5370674369527009 2.234693395730397 0.19800814226212615 1.1802285047355576 0.8472937768355937 -2.100436239637344 0.21213076966095099 2.7165461983974786 
-0.03699830029606796 1.7902519193347146 1.2667970515985372 0.806160428296454 0.6765743819792597 -0.7853139188627934 1.5850793237787455 0.29179473962841906 -0.5786479248489869 0.001209116406668695 
0.11192821096722112 1.8670567344820381 0.7465152836376646 -1.2077359866777306 0.7060603458395135 0.2846774141532691 0.15100905148204355 -0.4233866687185 -0.7033771020668167 -0.5489479226922704 
2.7960290980454006 -0.6703032676413655 -0.11014268861592984 -0.34170193456607856 1.056456602221025 0.14398579280289875 -1.4937025801267123 0.7897740899989855 0.8960071025802249 1.0364393610719385 
1.3607140682275185 -0.7602499610535327 0.7172739269631845 1.0396515108020685 1.9155657837957838 -0.385305449624412 -0.0791673695605407 -0.7988896724235471 0.09327992515479525 1.7110033413014993 
-0.04389864390837141 1.1027858516949913 2.4704712478243334 0.5840934107658692 0.12945647901006585 1.125984613687738 0.6171147597506463 1.05797614848047 3.063687963073263 0.6696063587327653 
0.1459464475322156 1.295643583505302 1.7316536990036957 -1.3469010702016433 0.40939572879067787 0.5388234647333946 0.4354473331988492 0.9847125415524814 0.46238082523841084 1.9888799700828659 
Matrix: 
1.2965226520382025 1.904441702042778 2.197418250628573 0.3718391315775226 1.7369494991439796 1.0334963675795728 1.2002866310643667 0.8963615527164948 0.43265219700489294 1.444986918016719 
1.1987388035507605 0.9348382683706896 -0.9446129879872922 1.2039785637318563 -0.8119948682307913 1.009743324781394 1.180472208087866 -0.15803454508046444 0.5675836443722443 -0.17368403434571889 
0.7079743567421568 1.8173551472596214 2.2647255821000334 1.3434435206603115 -1.0443058171337398 -0.42563147824330827 1.388975903273847 1.007957836400055 0.0659899674322614 0.9175833585370328 
1.1740265737960558 0.16360298148028685 0.18635748609487748 1.4522602832373182 2.7692014221991914 0.36176568168093715 1.1794003606993504 -0.6371374785887485 1.0713773841802277 -0.4445805646344618 
0.7101906226542355 -0.5045515994245613 0.9057064423155875 0.5342863498968369 0.39720352232084644 0.5051373843447753 0.13401777997553754 -1.1175455652192694 0.6224419029741075 0.5949821858023592 
0.9424716980805267 -0.8303672481473282 -0.980436960268702 -0.5430455389220888 -1.0903022104099613 0.5270099090900219 0.6474881462236157 0.31457447187701226 -0.8825852305958474 2.4982778391555316 
0.4747755217172477 1.480802652203241 0.39970934595910457 -0.6555038500329781 -0.7928754287113434 2.215054797703757 0.22284950840264167 2.8347191507546774 0.26123413692267233 0.5419021689136236 
-1.4680699769215857 0.9364938314058843 0.2629166115335743 -2.476805107925087 -2.9563997502035058 1.004819901547157 -0.16989746209648934 -0.3860379141126222 -0.18721896332221777 0.1718071146363814 
0.4670852612728404 1.696411278428441 -1.6532685511897005 0.6464089784364471 1.0855675565311622 0.3500240315019162 0.816796927967866 0.027961980596203057 2.136091717207668 0.2036067120592041 
0.6910763484746641 1.7465883265957785 0.6817302525535806 1.3375822493205292 -0.03543339281984345 1.54103939690104 0.4573267440968511 1.920908015918052 1.6311534212682366 -0.35943682620746575 
Matrix: 
0.05113787191477777 1.1074157917921412 1.2104921588090827 1.2594015537633987 2.742909085965484 0.9667086450613505 0.6097384110443143 0.35568718175973385 0.8234313076397857 -0.6294543775331422 
0.5671386983554693 0.35917014165425604 2.3122529280509703 1.827176800722384 0.13983449284571073 0.5256768452277828 -0.04943216939193859 1.7354512556253807 0.032426712190576995 0.10837174111985867 
2.1272499730370815 -1.2079569182246381 1.4142352164775822 -1.7300203240862562 1.8795832025998596 2.462368160072439 0.7006037974501027 0.5539392453169729 0.544642258970278 -0.8425923768671206 
0.2996615076473748 1.20018420244504 2.0897772065096967 1.3141595618067945 1.132637885669405 -0.127226872813409 0.3551387393977224 1.6010958928226662 0.9548814624531863 3.0153499915322683 
-2.934809848937163 -0.36783830522767547 0.8178208765269066 -1.3403624685653968 2.5292400564573954 -0.17203352751576176 -2.6231518060399495 -0.6239903150073629 1.8163095206252933 0.47721297303562565 
0.8797196755335547 -0.9199099726253499 0.5255571414936657 -0.8377540498110344 1.503600339953323 -0.4624923790163386 -0.9455307229128207 -0.31049333290177766 0.09357387672664995 -1.059825599516982 
-0.4653200842907927 -0.2965909689804255 0.9852666456668144 0.9031829652670529 1.1072059523579338 -0.07771173802885308 1.609118492670333 -0.8780552432329972 -0.09165888834248552 -0.8941677769813685 
0.6215445593872083 0.8949750274286445 -1.1344392674093053 0.41429706884927175 0.10296397723589049 0.6535409926546881 1.0273026508768257 -0.5690813516594647 1.1359793860988683 -0.7925815988113374 
0.6689767348264241 -1.61556446626826 1.0275940405412107 0.35218069806326135 -1.639502760768385 2.270300190948547 -0.47306783157531135 -0.4886191392175213 -0.539392752357604 2.423528385460022 
1.4130795854737208 -0.15436009937217804 2.192402943623385 1.7750525399389068 -1.8200594022618601 -0.4559415982093293 0.6525951204289778 -0.908135778895129 -0.31776384588196743 0.6934132968936522 
Matrix: 
0.9492379812375041 -0.7070234729343843 -0.2416924652193268 -0.3981112814700002 0.6932890729290516 1.7953018819506827 -8.794157336079744e-05 0.6539016436508015 0.22167173133913784 -0.5690090315518149 
0.2894829266637873 -0.5694499243444704 0.28202690268622643 0.033701133215228524 -0.06650559896593267 0.06626711218707938 0.9658853108006807 -0.2530702283920888 -0.11375375281024981 1.951469706495555 
1.2656956253360143 2.16745916830955 3.0510486047498535 3.3869921477991665 1.2019902691790871 1.4426318575428783 0.10208260110546323 1.0248190476130057 1.7132572643970638 1.7321525454976503 
0.8545369194114409 0.05271147138914595 1.893836079083327 -0.7868980831824265 0.5113109648882704 3.5123796365303286 1.9681544387774066 1.6239297608800587 1.0649202735166574 1.249075525690529 
2.087953643397411 0.12480541640090861 1.2574302349872986 0.8402407905641549 -0.8377151313987544 2.626706717186514 0.7764232047857966 0.7899730889114418 1.6806116004640475 1.405180234883332 
-0.5088284567597233 0.7702490481221684 -1.3620618530618829 0.7250721100746719 0.8023045676069485 0.9902618709914475 -0.042555834256446934 0.22259614725295593 1.0269439427380889 -0.7525128290312924 
-0.3827463348542838 -1.2161955161529614 0.8146135150804877 2.05422813574741 2.0345613065076447 -0.1876175007237871 -0.8135340293956912 1.0167746781493892 -1.0522311200518075 0.4805243707491715 
0.4884410494097384 1.7822315721642097 0.5932849113599309 0.9963216196027098 0.8348643432982109 1.1407120040129453 -0.44063535211599186 -0.03708894608868937 0.5358242181565297 -0.8710309267209023 
1.7713942751052454 0.5904391538508725 0.9695308340135099 0.8833846253462045 -0.4118181679242861 -0.4410789185668521 -0.10693296792820886 0.8385527049365351 -1.3079804351667772 -1.7128552730370674 
0.24855554327542695 0.9863762954658841 1.973282095885095 0.34239095564413635 1.5880622254187826 1.4633337710124081 -1.5872145927617203 0.15898446065118937 1.3171156757462463 1.2426009124786375 
Matrix: 
0.44263508274219626 -0.6179975498245106 -0.39364704041894666 -0.2067139547472096 2.0299158435223914 -1.0296431114482085 -0.6513743914984392 -0.29626705539953335 -0.3099381734367863 1.372491819449753 
2.5844605562180907 2.5006584718689955 3.2776491585372276 1.2206595200424275 -0.4215466238833859 2.2388390933182984 -0.9373966986550278 0.05606478032811257 -0.202634127769813 0.49273425485325084 
0.3829343687191849 2.2441459786779543 -0.06573292646839174 0.9868728850642746 -2.3296596571723485 -0.14537923754997362 1.6548895284247571 0.15224148524539916 -0.731190272908068 -0.14492533149483308 
0.23433269867463155 2.095036196815884 0.5138946002635195 0.38294572277622985 0.6902422606641498 -0.06168403152344809 0.06871116721088447 0.7738295882007946 1.4869061023534793 2.231955004753717 
0.3505324124224782 0.5683869255744278 1.5244444496116092 -0.6819638504531322 0.7002034223549596 1.4361295176560762 0.6279957495601887 -0.06250932036787651 0.34778155138653566 0.6825563025093716 
0.7344493860654523 -0.3987873729555421 0.6670729968883065 -1.421050847242935 0.6147809784071576 -0.5017531478651341 2.1678771540707276 -1.1628370325846484 -0.2875160133579787 0.5051245187115437 
1.9876049230761774 -1.0909531492282383 -0.4169655491259677 -0.735218034794675 0.7380733686279003 3.3238753132783168 0.3023132820126721 -1.4105884048216932 -0.015207264270970633 0.2175324931214037 
-1.7908802967904058 -0.44686945015326024 -0.6387973073629335 -0.07758300537611752 -1.9639209795983636 1.3241307340397896 0.949511054696114 1.4205390104795983 1.0996314243584195 0.21960061056404306 
-0.6579902050712069 0.9129355437156785 -1.6915365011178138 2.2806717775171657 0.16209281474706502 1.7867753885093676 1.591594729607673 -0.039187800401380785 1.998282100140298 -1.030747679880899 
1.702639739592279 -0.3726017256718362 0.6308733438506666 0.8494210981774116 1.4680008834129399 1.3842884417612356 1.7468898931260257 1.9877545351873886 -2.1786434679417956 1.0419039599012532 
Matrix: 
-1.2016056520122511 1.9112043096375624 0.4510036615853508 0.8061411558544467 -0.8532332334439457 0.8442089804778546 -1.850362419259101 1.0107094679730029 2.4466125805175842 0.1135253658190182 
0.05943874342960602 0.024476257655627845 0.4463016280132257 0.8460107577765086 0.06519423558985853 0.9429532499550713 1.9392512441231298 2.5109818229742826 1.267290181612798 0.7123402954817788 
1.231683120536635 1.4724762811501093 0.8965283783611876 1.0846230648770114 0.011864108304812285 -0.5947071256761814 -1.9159941376580794 1.0814987486408494 -0.4869476782481129 0.2832204150718902 
0.036613099198285065 0.35501299260688013 1.9898717052642148 0.24284087452275138 1.491085881380563 -0.15491660633124363 -0.2679431062239349 -2.0793427084059553 -0.5657800633609299 0.13488945581412232 
1.2831639700957689 -0.5934387651138981 1.4204181658653625 1.6038157669819229 0.06576276805263198 -0.7672192293183133 0.034014146041272134 -0.24323406823358595 0.28224874835692626 1.6210814536399445 
-0.4449982044104952 0.030160805986576195 -0.2861002902280455 2.5500053491258705 2.6639875726191318 2.09476253611597 0.31430835072882307 2.050820150227426 2.013857384060982 0.970969321573915 
0.20231740031822948 1.3371683735965663 1.7931476324417412 -1.501728733312273 -1.2115803458461916 -0.3498941049571792 1.6790729642767661 1.1040998876924415 0.0780534797933375 1.7297794486385085 
-1.0929660992764205 -1.5783425992772622 0.5657641738949355 0.9620063494488649 1.0672088975615495 0.6931679686924225 -0.07957974219212267 0.2578644567781574 1.3940702814260226 -0.3036195831566654 
0.9468571849273933 -1.0815136326753099 -0.07660309673574804 0.6395690335424646 -0.21016541982911724 0.44517621389721984 1.2346946792618056 -0.4636450968300482 0.5843362972494253 0.6077380049802309 
0.8395285606953813 0.27075841276369816 0.7563508270970003 1.4900796668078466 1.2748680410647668 -1.104465917231738 1.1244364945598924 0.49271944638718335 -0.5886913788492061 0.14232871549624768 
Matrix: 
0.5472313792383983 -0.5189076141303612 -0.3102081603461682 0.0014014262202033112 -1.1426728125225063 1.6626378209824804 0.07212785066486668 -0.18666049209184982 0.19254677302026135 0.4302848217372002 
0.48990938638016396 0.5691109249280546 -0.10582057990679551 -3.2724047422688636 0.3681691340231529 0.5531749384254259 1.827916996048148 -0.28484166885070983 1.211741719354635 -0.6590424910219166 
0.6286634515244947 -0.15963635109694 0.8492322113636802 1.1578284841629691 -0.010450596285664401 2.2194188347828767 -0.30863954988886294 -0.1375711062716981 1.5675451561710168 -0.2572526715825557 
0.05424748959861023 0.1298770037092541 -0.4012724118238053 2.8302483931935543 -0.17408317781901186 -0.7545408633179859 0.4564023212339783 0.541345209103907 2.4298825245771196 0.962143170399106 
0.8045560840065749 1.6280273875058104 -1.4540425532594954 0.6347910077005415 1.6359159528531282 -0.40581180962639263 2.177539127938384 0.7274160659257689 -0.3506553833807251 0.7989759404557479 
0.057126121247624784 -0.6704954183031491 0.9019315896231601 -0.943208079470854 -0.6335590447531902 -0.35367536565817204 1.3377892976786243 -0.22437592372823417 -0.19588061052798156 0.11227425389298404 
0.3935181323012186 0.9489901951126344 0.3578433705851913 1.0438445985024265 1.1553806707640129 -0.07326965876936162 -1.476042250928331 -0.047970462377429496 1.0168429301232023 0.14650220517327506 
-1.0505546704765587 1.82071865751889 0.19574264263041702 -0.945484766060233 1.6946974510345112 0.6489293404431775 -0.4387689620153799 0.1390549231246065 -0.8364199571007285 -0.9280246610221264 
0.11122869797860353 1.9409325464020404 0.7686397879237087 0.9137646098213762 1.288570936643386 1.3759490621842145 2.02849185656276 -1.0576134969812774 -1.002462858060913 -0.24495921796491948 
3.4320673330993268 0.9490795873841963 0.7271607191737305 -0.6887781438763304 0.9215310437895157 -2.0883370610102783 -0.3228492633610778 -0.23354166782176594 2.098044045499479 -1.0944123400515924 
Matrix: 
0.3332393258074743 -0.05710430406510664 0.5592836895043821 -0.19080366293092826 1.4405993749069683 -0.3153574684635604 0.9563971602247354 1.0826303996996969 1.2060111268466598 1.9956052498258097 
1.0206092845952104 1.4638675114315753 0.7788366622731382 1.3667849469735163 1.9027960056769704 0.6654376743644907 0.55322757336417 -1.387950239113841 0.43564613032918154 0.6547629319381824 
-0.9022538486793471 2.326744893782131 0.37836443526115815 1.3656453800768964 -0.47468157888274365 -0.15841986326601998 -0.38865881361317794 0.7202930095950404 0.08082542071334481 -0.09981479300831511 
-0.8702660313949498 0.8758511851159524 0.06989932068158039 -1.1816457349921372 1.4824514703007872 1.692700051572057 -2.8959538957025774 2.763243461019621 0.8594063847772407 0.521673555210126 
1.4978271101371403 -1.7654160945305168 3.2616694142902287 -0.8150888833184097 -0.5912719596280385 -0.5295770243205787 0.1859926939022028 0.6171940640119761 -0.6725574198743706 -0.26501614085983827 
1.2810062421413186 1.0051323901596363 -0.04586650157090162 0.044844872958093876 2.0485579164763417 0.45366946437340266 -0.5210982331037846 1.0748028572360995 -0.43683923810127245 0.668880076044531 
1.4733344820438483 -0.47475597769182853 0.41465852919410573 -0.9746578285795565 -0.7853891998614927 -0.9692850043554431 -0.2629184978380446 0.9534190477070502 -1.3395169309914703 0.525236746883074 
-0.7097440105926152 -0.1374088702706711 1.1968492186511341 0.8232298857524801 0.1763569434524946 1.422917994261968 -0.8761752034529094 0.8082591317292696 1.9145432817163033 -0.49131253009957937 
-0.7774185534733113 -1.0030438484859099 0.6012688844176158 1.6647012645367645 0.28105337916972745 1.0838151360297055 0.20944707881791524 0.7227072482465894 -1.099114231197722 -0.2904842502403409 
-1.5374690383144083 2.7248572194660454 0.014537195236721409 0.09551983141625085 -1.585414201980447 0.7907496234770656 1.6572247983914206 -0.43895187530432866 0.008332113868522228 -0.27756143795452426 
Matrix: 
0.40667601394383057 -0.17160458350471397 0.2924905721264227 1.2231761108591095 1.0211950633696705 0.6958396232553432 -1.0905519878530785 -0.45169591100816714 1.0599825084121295 -0.48999639896745467 
0.6914070801076542 -0.14392613667017878 2.431968707510311 1.366419921647081 -0.1467518305453423 0.2483779340513207 2.0747935735679213 1.2912865871664145 -0.3663382436509577 2.8776868535153457 
0.05817362710698505 -0.06778853947769906 2.0835624310954577 1.106270900788894 0.38490863546484827 1.435304005441193 0.07923515440334901 0.21171743162273404 0.7539372544421501 -0.47465562752391777 
0.9557725222134164 2.205952117376564 1.5703578718623343 0.649025515857546 1.338103691950291 2.4558768520834233 3.533118880045916 1.2495753773757938 -0.48224516465054257 0.20065786440964423 
0.10763436089531705 0.11649855720713463 1.4038169275882055 -0.6739231384508662 -0.6044859556183872 1.2146693047060337 0.1509239430991481 -0.698157782874269 -0.07721889029126859 1.8749980726640894 
-0.6034094626830562 1.6600926070541402 0.5700087790386413 0.0712298126041058 0.8412232786373393 0.2387568138612658 -1.4651098258280228 1.366927878401391 0.16703572780417222 -0.12715300690175652 
0.07775516463733143 0.09295242599015965 1.9786057732974547 0.09835825746222583 -1.0032915996441885 -0.28186473771611864 0.6282530579236505 0.11916822530790946 0.22333298827564504 -0.9584111096803374 
1.293819467671999 -0.8452474522242345 0.29181041000850916 1.246129117691893 0.3728757918935815 -1.0573099530071202 0.9863749618383154 0.25538585808607894 1.858498244512664 -1.1246891592858383 
1.2124801962577583 -0.5780859418996243 0.24050093605861447 1.3235772949350628 2.358008621087881 0.43035292972391603 0.9866930468439353 0.8124063959710269 0.13618951474543883 1.229921081565087 
0.601196087464854 -1.2723885805954427 -0.4205958155638341 0.7530684906776964 -0.03622813730820387 -0.7809339542902171 -0.38997973480282605 1.3067045912147 0.4620997213445789 1.4682740018442846 
Network layer size: 10