Layers: 
Layer 1
0.4306558734155109 0.030416144432817926 0.7813974697612499 0.9151054957968772 0.9370325832096236 0.573591201938785 0.460903856428554 0.4225897382080849 0.8398870223702422 0.05859816063085044 
Layer 2
0.1494985012654504 0.3132425733773525 0.10934205469375502 0.28453140250116504 0.1410958220736308 0.6322885283153563 0.7293621624305338 0.5453382612170645 0.7712491176658047 0.0467620863742505 
Layer 3
0.01944744609538729 0.3949359310075786 0.19482585674916642 0.04934841206056495 0.2786132077877116 0.7021430131524756 0.0028728217006459555 0.20390191985422113 0.13641285133818604 0.8429603241465317 
Layer 4
0.880340618372203 0.029912132253792967 0.9984623634861085 0.6914651230414505 0.4740510752227136 0.7793581650065333 0.782558686336737 0.20268806188101274 0.7778326648406915 0.005465046650012795 
Bridges: 
Bridge between layers: 1and2
[0.6363782971604308, 0.4677537423922059, 0.9422925208482155, 0.3731635273661982, 0.0033644294733919944, 0.5137008044321236, 0.44926170012298017, 0.9542708236376262, 0.8714167544831958, 0.7880168947123615] [0.8928120680846273, 0.0767617571438417, 0.7777742750900918, 0.24299861272120216, 0.7242619429747981, 0.5526545191748142, 0.5132116425134925, 0.31273389675120444, 0.5055549732033968, 0.683516976008157] [0.5175650834439712, 0.32161875115589533, 0.4706550669231343, 0.4519251516044719, 0.33162232288732685, 0.984914476981874, 0.5923931106162077, 0.2386248486898448, 0.7487289582246202, 0.09434126875403015] [0.48994951212475313, 0.35990416510426604, 0.041381389297243554, 0.0008023064083495512, 0.5325753582097427, 0.349002910494253, 0.9279163963942574, 0.9702383658113801, 0.1713823458584075, 0.8996349878030316] [0.39710497313644155, 0.8872830386408974, 0.7181919320142457, 0.35851240910868454, 0.9052132781218417, 0.490413515581942, 0.1908998467248375, 0.9811315891819427, 0.5780861848317451, 0.1183992712327735] [0.040067653696397754, 0.842304567877715, 0.7460204399213315, 0.7964940119088679, 0.7649417743009709, 0.8131969710488457, 0.9726230746257895, 0.7210913556072257, 0.5205727155228298, 0.11052704541045022] [0.6134644897937231, 0.7857852778460562, 0.668948753274045, 0.6307957246334818, 0.677347658855208, 0.06594087314968533, 0.9350737409975558, 0.3085514842933712, 0.21938467911640602, 0.7243725018683697] [0.07950443281689945, 0.13820011270108967, 0.28082891511866925, 0.3732793092417038, 0.6202065882249732, 0.5000859928993482, 0.4694385267144948, 0.8184823603879405, 0.13970633794085685, 0.2614363648445919] [0.6282535177183873, 0.07402967208523659, 0.6284852591053405, 0.5585278639959144, 0.17878094199698547, 0.8434793928773422, 0.5348569901386954, 0.8819269347268541, 0.5458474382448527, 0.3752584809638855] [0.8441983059148598, 0.0077155983433906394, 0.9044294767275823, 0.9890418276927421, 0.5521087974840063, 0.8459945452677675, 0.8492531174316736, 0.12307931996333255, 0.8238631832133912, 0.19159152974007942] 
Bridge between layers: 2and3
[0.06756367148067599, 0.7194941305431702, 0.7398323251584595, 0.45724264738568987, 0.7078614150224344, 0.35196633423876933, 0.7747520562182649, 0.5398662113048629, 0.5558258750173977, 0.8201388843611112] [0.6998006794188691, 0.44378447254409814, 0.5853529625686347, 0.5394799723819377, 0.1983594567164072, 0.8485624585878337, 0.2381325037968821, 0.9642497069274878, 0.02358718737725718, 0.6623743099040955] [0.0952539850319748, 0.16902267108698166, 0.2784812937764366, 0.050562976546292826, 0.34775643825819424, 0.5405739115918131, 0.9207554591617979, 0.043046018779335005, 0.3999655453746487, 0.21257675051257274] [0.8148942688394305, 0.7433125233727282, 0.6972245842281743, 0.29248409332390035, 0.28978818930744765, 0.5090544942147514, 0.5072531868749796, 0.5974401547784615, 0.9671800625894482, 0.8876038601712556] [0.23758452382870232, 0.8413004791973311, 0.4976884415529962, 0.5535405557001295, 0.18885338649053007, 0.18841198548760119, 0.45445020931260005, 0.20963510968569377, 0.6635643968945816, 0.11325097297571252] [0.0838583247061272, 0.8527398800132273, 0.826643427022445, 0.7141898659558028, 0.8401976054727845, 0.029283495102630397, 0.978347981482802, 0.489682340490851, 0.20516156125903584, 0.1743827978769209] [0.9411521981516275, 0.3963323086776901, 0.774585436800588, 0.8478946013362856, 0.4557537109450195, 0.4218376075040069, 0.8966706901925453, 0.2642466911931928, 0.9884026681387155, 0.09787084283055347] [0.9293580160760059, 0.30025482676918214, 0.5138672563268892, 0.6863578597245843, 0.608177160865167, 0.8590139766564241, 0.7484876480072602, 0.8009648690440974, 0.7404041030814905, 0.2761057343892963] [0.2450878218098661, 0.16998202613893043, 0.00035110344395306026, 0.5188813957778363, 0.491562845332875, 0.6988418331606128, 0.4478871645377016, 0.809631331876461, 0.3587545485543987, 0.12217605709915669] [0.3435638382032966, 0.8914954745805589, 0.45491047040757404, 0.7462722655274001, 0.6894360415054079, 0.008960554492799977, 0.7785622540408321, 0.41374843425294094, 0.4596835639378152, 0.29417920200194425] 
Bridge between layers: 3and4
[0.667493460627837, 0.9917223947212352, 0.31524688073591645, 0.12902443235883787, 0.09863970296360991, 0.643754538363088, 0.3729824346517494, 0.03938048085875423, 0.8576902518673788, 0.40686600805025674] [0.43480259056063497, 0.3699197679693458, 0.705540523727778, 0.14062856299672988, 0.3318894087421864, 0.4895948569061431, 0.11104604409878038, 0.15245478749023333, 0.0694576615037733, 0.015996968550166635] [0.43173748835528436, 0.4516094121807115, 0.8367571606150038, 0.8963863712481682, 0.0010574577716589983, 0.1470843518368734, 0.26109503030941283, 0.5814424525275622, 0.19522431060491285, 0.25760640558170755] [0.2582150288226551, 0.9072431240976636, 0.7717984925137977, 0.46185650778780474, 0.4538547653607776, 0.19571921640580137, 0.05140212662043131, 0.1277991073660586, 0.022078578773340074, 0.9307297157800459] [0.030475643910059302, 0.8594543402210383, 0.7937666321239509, 0.0556740694664305, 0.13330134599072452, 0.0633017064404513, 0.04861747778207093, 0.8453485392267432, 0.27410657539962713, 0.5600576746282023] [0.5543822515644231, 0.891591123501284, 0.23713197438837996, 0.7713522061333332, 0.2748422609055122, 0.5191741816883649, 0.43961631908300713, 0.8288933371439395, 0.2926365152880145, 0.3331102808863] [0.41577078243476895, 0.9371209213964662, 0.06010535060675659, 0.23392901809994504, 0.9515669004919279, 0.14501574964296593, 0.47625286794026755, 0.9921609620407326, 0.12479155404758879, 0.29581427094070945] [0.47659528289780717, 0.4683642356706712, 0.9384872473836381, 0.3690353216378638, 0.6458825804150008, 0.0873378717126625, 0.2105913240061904, 0.7427348521927145, 0.19155223520729636, 0.890020725899309] [0.4055325732836882, 0.9650949323432224, 0.7083192824398173, 0.6808699382975026, 0.152910870090602, 0.6470540288676963, 0.28535907900726776, 0.7112654761659296, 0.8233077035965999, 0.3042202337751211] [0.03990885374273778, 0.820903929458855, 0.1682608931624402, 0.5966884011026233, 0.6505841420458016, 0.1566676650503559, 0.7409578776568583, 0.7218906345914351, 0.7739353636314087, 0.23504031628145572] 
Bridge between layers: 4and5
[[0.8824841296352228, 0.2261718868519953, 0.6922799079277692, 0.030112412726523097, 0.3426992332664194, 0.7604183733564962, 0.6229080445120765, 0.7911019109722998, 0.9348879757056008, 0.004823116436699859], [0.19303816078217262, 0.4061615066738966, 0.9940452809123809, 0.9207959720433168, 0.34770219517451073, 0.18457461213047988, 0.07507079538903483, 0.08319193190770013, 0.11808303370958007, 0.43434323749952664], [0.2470376830871851, 0.7009319705656607, 0.514956609463853, 0.3492003679065733, 0.093741881943333, 0.06589975036145856, 0.8960595515017931, 0.22716618364537267, 0.366104869850411, 0.1556547526728126], [0.37496972560183206, 0.45340842755796884, 0.7895857211690324, 0.7426395381174548, 0.738926977284765, 0.5072570524998626, 0.3261852384272722, 0.3811606893329583, 0.7493993399172956, 0.6652298924356695], [0.8162427992296691, 0.3619897836651004, 0.44663917618500926, 0.1092403854077979, 0.8788773862591758, 0.7528302838698326, 0.9433024998147544, 0.5190343991587353, 0.8261498055033635, 0.35219217178591555], [0.254247923155275, 0.05044661212001478, 0.04727731202862617, 0.6485654839545971, 0.4528363392149839, 0.7353423837959571, 0.5359949667874727, 0.569256520381354, 0.6803512518831722, 0.8942961543139964], [0.9651498381667288, 0.5426941360598074, 0.3182066606881019, 0.5466426681233005, 0.9130635246234049, 0.13516005314164825, 0.5382584752691861, 0.3906662055753567, 0.9392267491727615, 0.1223442533756437], [0.6351582619298467, 0.6245132367167612, 0.13770056624559313, 0.6608322662301755, 0.49262359022273583, 0.676551848926772, 0.312068815798918, 0.4546560324027342, 0.7072785770189473, 0.6414448419851835], [0.30801954465945003, 0.3702519815646016, 0.5137219368532937, 0.42258722811663596, 0.9164130993838584, 0.6879408653196466, 0.40690583883945364, 0.08026145863029177, 0.4117902130671893, 0.7938295811399484], [0.30468323479154047, 0.004459010849582112, 0.5938569550318704, 0.7143323138422222, 0.3463499689790618, 0.8258944095903658, 0.1433386207861158, 0.5398406426702007, 0.14399301654915886, 0.029277976812027484]] [[0.15851475363454792, 0.026367498006518164, 0.6895445618157876, 0.940806753574395, 0.44697133253577537, 0.8810678507797125, 0.251508634993593, 0.6588413723877118, 0.02046641039053676, 0.6210614486547169], [0.770411477047421, 0.92171929159299, 0.3472956353528419, 0.9280975904405173, 0.30965516946450133, 0.5836023058175225, 0.8663095025043209, 0.9420953853711929, 0.6000401128148053, 0.07718433100108424], [0.9774896681390979, 0.9501353778545545, 0.6741714605835739, 0.45028564620715317, 0.0555905315665538, 0.6458374374213097, 0.9345649315064815, 0.5400456107795252, 0.8125630904607752, 0.5857437229873456], [0.16901082082668384, 0.4202376926014457, 0.025708809572945523, 0.5393733760166991, 0.7141536357223129, 0.18124761801717615, 0.12395682878330505, 0.9746125193335067, 0.8413247984543603, 0.6399249586028795], [0.4665075292524642, 0.5218366170184237, 0.5857897092813653, 0.2627898707694266, 0.2884775703061292, 0.4501972936097741, 0.3310843322822834, 0.09175318334859373, 0.44960699174927377, 0.6700793107361097], [0.07205988495963833, 0.2720561867456075, 0.6188727857979671, 0.7079637155013303, 0.7248100981252301, 0.2479544476524126, 0.5239638396141925, 0.9556185493954061, 0.14238818677740006, 0.06698225942678304], [0.38301128433746245, 0.4130539661190702, 0.9170457178597673, 0.7872696687577467, 0.6903872808316595, 0.8014310688474592, 0.13419254709802098, 0.7143039809809891, 0.7960323153804776, 0.4560472289024161], [0.8832021023023824, 0.7697833938920305, 0.014030825264608304, 0.49111259654835193, 0.04947054204393053, 0.9556390128960736, 0.2027726945953009, 0.20062891872747068, 0.10669352156825174, 0.43091779215447323], [0.5559855853357363, 0.5839717083106808, 0.24514776002889238, 0.6302302030414455, 0.4848401745975762, 0.4397279797665036, 0.781164759429783, 0.5349410467534511, 0.44135962797506534, 0.3441913230628334], [0.9162564121486994, 0.37642952491147164, 0.16095529365246253, 0.6720840362084283, 0.6997709457377063, 0.6658225688921078, 0.09008471660314499, 0.8197808544026672, 0.286411836918944, 0.08525692946899488]] [[0.9464313674241414, 0.571112061899146, 0.5640540074705389, 0.995716656371025, 0.9632532078245887, 0.7332305451644686, 0.8670781069581041, 0.7058952010205263, 0.9828890111451082, 0.0423537383759619], [0.5893712518880282, 0.2525338756652037, 0.2014776123134272, 0.7241489007344132, 0.9793005648697591, 0.36869045329852634, 0.7990615682507493, 0.03266561757745279, 0.9420718886785636, 0.8617205048408311], [0.09947979396106954, 0.2236563739805726, 0.6197969766903568, 0.042147098645897385, 0.3870232836437557, 0.743353383158791, 0.6745555675589399, 0.10814332627385448, 0.33692960156367213, 0.6471966283239802], [0.7599506104420243, 0.9544837307332859, 0.7344521877009819, 0.5052806206141695, 0.30907258352536426, 0.1856879959719958, 0.4941677094705884, 0.010906014896453486, 0.3339234095681257, 0.5423912718294633], [0.31949930688341144, 0.9155181551721294, 0.21284952190108508, 0.2675111133269287, 0.8544775271816719, 0.6231675552903563, 0.2787592243048014, 0.08464818302246746, 0.11235558085938291, 0.8834926515990891], [0.5405667869792776, 0.289637864771063, 0.4744648085388742, 0.966092298251066, 0.35426308739699264, 0.5842136514757339, 0.9876614872161189, 0.11315644121504198, 0.04631350159031744, 0.32620207286798797], [0.3333600825886963, 0.44758808761526525, 0.09597749523963184, 0.32482145062035284, 0.13698426779909534, 0.1880249807865748, 0.07365179019012524, 0.4625721716229366, 0.9289306215146989, 0.5594747840395713], [0.5167178189248888, 0.8758908258984104, 0.24302713952487298, 0.940207360956075, 0.9030675666367329, 0.8328686914791338, 0.4526479400332222, 0.5917756053730646, 0.23554238571451502, 0.8142395564947481], [0.41784969968096597, 0.20603924272012197, 0.6243957054694348, 0.1721429868326939, 0.6080646950332286, 0.7419822903486851, 0.5264125695361486, 0.7778249802558239, 0.22818373008672266, 0.5745191874704517], [0.14427405747065403, 0.3155676782977057, 0.07828972650868748, 0.44921911518791025, 0.09459088904925295, 0.19925212710598872, 0.556365516490496, 0.5341310222944504, 0.5960743326803974, 0.06562060252645441]] [[0.09628163140699819, 0.8898631754399604, 0.11651353054914537, 0.9840992968015845, 0.2835766364943787, 0.3562789169026701, 0.4900428490016705, 0.5195470299562361, 0.09160773263098254, 0.3712502689695415], [0.6257369161785129, 0.683114380161516, 0.15901224784062895, 0.6837489658055851, 0.11929372334605137, 0.2649307125778453, 0.2799640632113428, 0.4967910081335358, 0.6122722701204204, 0.24085041760318526], [0.34885615073046927, 0.0834876911822966, 0.7137745280784563, 0.9317493446226919, 0.7748890083798504, 0.5265368710671121, 0.027244929920530292, 0.3098679642373162, 0.37413998278040583, 0.4540764267072199], [0.3757599559582038, 0.5928368041071314, 0.8268840634215179, 0.4944548502286924, 0.16019931444322544, 0.3950857920232964, 0.6705808475125445, 0.890718374432515, 0.7202661244748929, 0.014438823591103711], [0.4486936307381222, 0.08052685043477215, 0.8846667830315725, 0.4174071315198935, 0.786256399615483, 0.7349944588783952, 0.6778853147359869, 0.1796094822505221, 0.3819937555783248, 0.446315960158841], [0.3315695753932876, 0.018140326886977975, 0.9251574336714082, 0.2991345994917779, 0.2558265638837641, 0.738334023771497, 0.6256019973995113, 0.37570255328981605, 0.22230832637843767, 0.3593484620954751], [0.16270026020365014, 0.6529283885124283, 0.8968712270631867, 0.6814600671645475, 0.020746114490830636, 0.5081084898899582, 0.23961575990777984, 0.5881212384729076, 0.5800961742169164, 0.8013395421826047], [0.22100793835197663, 0.3560619361227124, 0.3587086911184073, 0.4808821436584527, 0.2815648940927068, 0.41263133533594065, 0.5947918793017363, 0.3170081809659059, 0.29668329828052054, 0.9664068519480541], [0.016359066231277586, 0.4671630356905161, 0.6675993673760093, 0.8128178680934239, 0.625514262801835, 0.27188942589199927, 0.8807618538405384, 0.5222879229620971, 0.248539842537001, 0.7320967422632091], [0.2733294195536561, 0.45154875812600914, 0.7891349595989263, 0.08828388019604982, 0.6398351450861008, 0.34855879187894445, 0.7454804121282204, 0.37202466964810776, 0.46086483702201364, 0.6501744876142344]] [[0.5378071936903116, 0.7692606307310077, 0.8607376752114423, 0.4494261150505663, 0.2312827559780003, 0.44529266197820494, 0.59813472017643, 0.7557751098080259, 0.4037138546291573, 0.19825865434726153], [0.22558715888997927, 0.16288804707613636, 0.6464542144998879, 0.18861578645318322, 0.6167079958983527, 0.6751213463952069, 0.15403326259202044, 0.6544190345291823, 0.39223820970150713, 0.7190797352633361], [0.874395441488269, 0.7820600558620411, 0.5749515105007068, 0.2695878692022621, 0.45484614455908057, 0.054405532195013206, 0.574868608643849, 0.5367986341597014, 0.16516874213058563, 0.35754099546722995], [0.8895854589777189, 0.9895936643848547, 0.25537273550531714, 0.4557453196094211, 0.4706801676473026, 0.29528660693458775, 0.3771734035204489, 0.9695104920230295, 0.206441173948253, 0.18128844277676714], [0.35637242158785554, 0.5373197884560919, 0.6859359481761722, 0.2373592763167337, 0.5310359304430254, 0.935461731895076, 0.8649696859960075, 0.9690916992656526, 0.2741862352667398, 0.58981414786384], [0.7112135838928312, 0.26159059328356227, 0.6848329654046769, 0.14244035934464594, 0.10276531626012586, 0.08986508860362785, 0.30202338996120837, 0.3302665734534085, 0.8749652321214871, 0.5395654542446754], [0.0249090469258596, 0.8216656699491013, 0.6725748959310812, 0.25336155017416995, 0.6669537199326383, 0.046340072175113045, 0.10928037718954198, 0.07198977878355595, 0.1528954455617736, 0.012546788396286868], [0.056136351628940595, 0.7660605480881728, 0.5930553093391119, 0.3123740474269039, 0.5495586351393567, 0.24295364385455742, 0.9835534642487482, 0.0908272516205747, 0.34837251171037653, 0.6796442125845752], [0.20774986913663507, 0.5761045418772595, 0.10745626853966428, 0.7146114736625846, 0.05151821446108118, 0.5637320168970463, 0.18554466795852043, 0.43699654499877094, 0.6239767096561492, 0.33278024177158005], [0.24909962947645548, 0.04717428665426904, 0.22464044156639928, 0.5659546003541456, 0.9913259863980525, 0.6581065756616209, 0.3269691856199195, 0.6518077065849593, 0.8716833435903711, 0.0002941681262155216]] [[0.7281678229139881, 0.31407209073367515, 0.29657049644313205, 0.8105095699958693, 0.9530906425320118, 0.4285815471280908, 0.5028603953187328, 0.6607279658832547, 0.28348824119525373, 0.9407648330935198], [0.5184335836659512, 0.08577596594559345, 0.3019577777994267, 0.2232629262606689, 0.008926614426486568, 0.6646394519439901, 0.03574378206443496, 0.6710392654061369, 0.0671809722556197, 0.8652554850370288], [0.6834068947320899, 0.958766344080909, 0.4558669588964772, 0.1954823410685007, 0.6214115127833089, 0.6290355266767066, 0.730034241105023, 0.5567863595945949, 0.15807105663001786, 0.7186174071165531], [0.2354614625706698, 0.9689639618019215, 0.553173555571919, 0.24605495431865976, 0.15653682791968526, 0.4360279960656471, 0.9347320265747852, 0.37451261995790397, 0.2907824271500534, 0.5386758759737704], [0.7396019810822699, 0.5074355442070313, 0.8696524272549272, 0.7085908059266514, 0.7063818922072462, 0.5795060315379624, 0.36561032489853273, 0.8018975401497278, 0.7130576422167096, 0.45849155773427475], [0.7050429026941909, 0.06274057786960141, 0.6512038822511163, 0.5204604322905027, 0.7218241213411102, 0.5787861451015084, 0.2306691542305812, 0.6039868692156943, 0.8716734940800376, 0.9969736918253825], [0.06719339791270618, 0.9463884604833809, 0.6258163634169378, 0.8369417283076472, 0.4330995990682627, 0.45944618817912186, 0.41876186131743276, 0.28923989624273905, 0.32456020637243654, 0.8349436112006579], [0.10347813789546423, 0.04055425561892778, 0.020541424531928976, 0.9797089058270042, 0.35538897245745926, 0.8208363210765767, 0.22300488344282898, 0.009405890100845693, 0.4212700819926479, 0.23085551126598458], [0.9427210613845094, 0.8259728786114608, 0.3905323010484343, 0.29073877247209556, 0.016582837836773168, 0.8388890643067322, 0.9273036132500196, 0.8720889651959073, 0.6724006400048048, 0.2554241082623703], [0.8452367688528825, 0.45346953127204626, 0.9945151998903222, 0.7229817039787056, 0.7134262650224654, 0.4949795556556478, 0.9039054345335706, 0.42043815436113774, 0.22156447591028894, 0.9995152487130748]] [[0.983000862869161, 0.7874348362619901, 0.9801194720731835, 0.27750199685492893, 0.04608987576292389, 0.2217539029998078, 0.711860858978763, 0.3024501985098501, 0.3527206463373498, 0.6121150795312627], [0.878813545068032, 0.3054160924140161, 0.7881910047289561, 0.4297194373213675, 0.7564524617945522, 0.41897398994125545, 0.5114535684862327, 0.8543126918721922, 0.42215643918547574, 0.8596834554897201], [0.8724321505424633, 0.12273116652252036, 0.19084759034872778, 0.3205985218322043, 0.2428445742516251, 0.6514096621641131, 0.5916982791705557, 0.7344621427655643, 0.0710201216032409, 0.9395512029444589], [0.5636797128827479, 0.7267548352695553, 0.07795990389890062, 0.10666752777513899, 0.06185158689930248, 0.021712999905449393, 0.12638999330899992, 0.024247975881431683, 0.7172043088164097, 0.16231572906193437], [0.8670917361249546, 0.5146174192979237, 0.968132164755677, 0.5832967504438125, 0.15174802794938136, 0.9241034934697892, 0.9774492195732091, 0.6038356764273872, 0.7608780421635672, 0.6180054754132597], [0.04703227066859683, 0.8923867442409975, 0.6539159432475454, 0.24165666707301114, 0.36556975329659014, 0.4558362922048287, 0.9856380774855302, 0.9818616150220318, 0.11554862927996001, 0.3995242186438246], [0.12023609853183759, 0.7016279069969824, 0.788272243151199, 0.6596116685260194, 0.4846260168458095, 0.5270692705851067, 0.030043610924364916, 0.23106370308921276, 0.6699915898963532, 0.8952743046279864], [0.42453801596695895, 0.7790801218684381, 0.930499187900985, 0.5586809544517467, 0.45474751039398964, 0.29023163136887553, 0.9245960847497205, 0.4203029331735003, 0.23176271927880365, 0.16774950246475817], [0.8741516743065664, 0.3355839891373824, 0.17482922391917977, 0.11870808183389925, 0.41490737433903124, 0.9100502210822192, 0.29645756761742725, 0.8846572644604725, 0.8824894930305496, 0.27091124685044166], [0.7028173546174391, 0.26003369673564136, 0.4138414578192495, 0.4248193752144088, 0.6184630283358376, 0.1941853888411753, 0.08173005444402137, 0.6410516060885204, 0.9838582755368025, 0.3221043575508159]] [[0.5858357580857532, 0.7243806051064346, 0.11393891688071456, 0.18262195505255352, 0.8684345508774585, 0.23645700763171063, 0.8869865641988872, 0.6522444816121066, 0.21245356952615124, 0.24830233085671383], [0.3337737898307346, 0.06534003378682152, 0.44657171852189914, 0.5985270866728669, 0.3395349592402547, 0.8632422744305238, 0.650607865596889, 0.3472133314805059, 0.8780292838618866, 0.21195962588446704], [0.8626100970982472, 0.15670585196301945, 0.8896531015512218, 0.5559223480138178, 0.6976204121445441, 0.8228239631718494, 0.2008196748489378, 0.9832389437224911, 0.20598047324833269, 0.5583045246649493], [0.22727361467163587, 0.4421782411625057, 0.024114798981526353, 0.3082920626274891, 0.6979715144957104, 0.021005646609799866, 0.8906486888990549, 0.04543758569633971, 0.8908916401388578, 0.9436900517414207], [0.139367397485744, 0.605268700408926, 0.6220983495378389, 0.6515886754162935, 0.48485225327991976, 0.95128401721504, 0.7155156664398681, 0.4085343765454794, 0.1988130863716261, 0.14035490430045683], [0.9503028653650144, 0.8109819651643575, 0.2390949690287254, 0.8548828972164716, 0.8026638950199264, 0.07374776072751665, 0.23884959392774752, 0.8764902101706545, 0.596550385553402, 0.4410991193476036], [0.3449696966789715, 0.5825222106897361, 0.5023261888322961, 0.3961015909857529, 0.6468720040592779, 0.5011789632168334, 0.0968952016680672, 0.9133942169964635, 0.9220636833160175, 0.5957554416746325], [0.2076232263461002, 0.733793866560295, 0.8364996591962699, 0.5461611617395788, 0.7817560751986222, 0.9843541033786425, 0.4173770746549109, 0.5546371668082867, 0.9477317693754123, 0.9667791415261007], [0.9557793403963735, 0.43739913887245163, 0.010288845814645176, 0.2662461137425338, 0.39492679850460044, 0.2424530169936594, 0.22362468712587158, 0.8886980611079873, 0.626978203524334, 0.3961430679989024], [0.5712078194805347, 0.7583522684233133, 0.5920147491009986, 0.7882918472082568, 0.1381737081698321, 0.7650442929102589, 0.8621846752727963, 0.5157837952035857, 0.10083318427478494, 0.6526178899042201]] [[0.8504672262875367, 0.25111186508058503, 0.7592314223184816, 0.04767996059404189, 0.29820243940210633, 0.9501524762715552, 0.1734846731269678, 0.9906413494277918, 0.077214131596537, 0.17840502252077228], [0.7843951684998548, 0.9582298585204755, 0.33750017523156717, 0.849001063532344, 0.5908939391754694, 0.36028306853852765, 0.89725452036956, 0.5104013744965745, 0.7880055925486023, 0.49885983123926814], [0.3253961594321404, 0.7309539455889336, 0.2816384857028612, 0.8116312374037555, 0.4782499679581468, 0.9009959789884235, 0.1890767480250981, 0.8393640778556156, 0.15510696291346793, 0.7334583643316634], [0.3652712567984402, 0.43395580213649854, 0.36979276647859527, 0.9830857851556746, 0.344385202957462, 0.028865750307324745, 0.9844341624450638, 0.8185644195162274, 0.11043426812721957, 0.6611506914654606], [0.035670319606397105, 0.19034247346829358, 0.0032090305864374002, 0.13391589534153603, 0.651341836440126, 0.6276057026729953, 0.014721993206968986, 0.551418395875556, 0.5176539633017074, 0.16921024605190527], [0.30815872836931313, 0.697711196096783, 0.1365858651218559, 0.8832133847841906, 0.7623846780197476, 0.019330087579842448, 0.10301747496792146, 0.7819992202637273, 0.020751538385219814, 0.8156648610435917], [0.19565485315857367, 0.6874830610964521, 0.4454718475633722, 0.18720082794356552, 0.0950012996167855, 0.8360204269128692, 0.8342945625865297, 0.5590505188520285, 0.6681761789287287, 0.2743887384197353], [0.9524475298848942, 0.19277413108713093, 0.24077358068221666, 0.6869231758147218, 0.39623191951413284, 0.20498564190389834, 0.686713748692572, 0.32990856159773674, 0.7823632302913347, 0.3397595220329551], [0.24878059240684336, 0.3154401370698874, 0.7523976266990359, 0.3039664736846732, 0.6336383244473001, 0.20069848093372455, 0.1353327082611142, 0.5792909986078069, 0.47208436247029195, 0.84174151454742], [0.19461434706043046, 0.9087728650195447, 0.503454824219237, 0.41705497393424074, 0.5966316441138128, 0.5752315386748422, 0.2815873117723462, 0.7898210448871499, 0.6617798739891122, 0.4127726256998745]] [[0.3506726748291117, 0.23994354379972105, 0.9757077747145367, 0.34126892798627073, 0.3852436110146402, 0.7411562473521829, 0.24079268046995383, 0.3251429519922304, 0.3323973755872718, 0.17335412285110252], [0.6521897711583733, 0.736345736933521, 0.6077303820001593, 0.38105646659741055, 0.5077280779372019, 0.27644748276704956, 0.19457883235702822, 0.6669171841818375, 0.35914021186274603, 0.7081764931003217], [0.8068686629055455, 0.33989684632088146, 0.17630421890598602, 0.7967847087247248, 0.9960211009124006, 0.32873014225571084, 0.4648684013338211, 0.8102086204475283, 0.9769405000470617, 0.19156755625223576], [0.8407957056816067, 0.9542095818806263, 0.9436837312591847, 0.09801784981985051, 0.995450037442144, 0.846903764796708, 0.17683240240169906, 0.031378433637959224, 0.6685166890120815, 0.6129126639995052], [0.558729531867787, 0.26320929325680176, 0.7748205501169756, 0.12281712208914208, 0.21383505377652356, 0.864291059736996, 0.6463565398421528, 0.8728236361375817, 0.4993405563778712, 0.9595285256361323], [0.274985848270323, 0.9767823844107089, 0.8487285009740289, 0.4931642163945684, 0.8150259750187973, 0.23159131202328143, 0.4065402895689987, 0.21748307667127553, 0.9964700013741532, 0.7988672752161524], [0.8054586469485433, 0.04172885151407524, 0.9163332387456745, 0.7811454450618367, 0.46706187799246024, 0.17469272634309818, 0.751136222490605, 0.16290696756422174, 0.14044461695293342, 0.8810368157759656], [0.030750780603293837, 0.8725730453032159, 0.19224283584859048, 0.3524971420209533, 0.9915679852227258, 0.399199278109742, 0.0635197542450271, 0.742641164196006, 0.8908733727554982, 0.1578027204640844], [0.6867142199034844, 0.04700191885114857, 0.14463309195167917, 0.6363710783438151, 0.2418723865375212, 0.9741827603720884, 0.3935432764439647, 0.31738015139808096, 0.1543927666037027, 0.8557351831448483], [0.9876189494285311, 0.6627257295415232, 0.244493456903094, 0.42711102093098774, 0.13587905596565641, 0.013933233016760638, 0.564661789524932, 0.8733220170018485, 0.24817017326991708, 0.6082202789622856]] 
Network layer size: 10